 5.868         7.761 
 3.185         6.375 
 8.522         3.321 
 8.368         0.154 
 7.799         8.959 
 4.554         0.499 
 8.695         9.489 
 10.581        4.109 
 4.004         10.445 
 8.438         5.774 
 6.517         0.589 
 3.28          5.156 
 7.126         6.85 
 3.073         2.902 
 9.071         9.128 
 2.496         10.021 
 5.873         2.683 
 0.173         7.438 
 1.101         6.327 
 8.788         1.133 
 0.502         3.129 
 4.202         3.254 
 10.434        3.311 
 4.415         10.778 
 1.765         3.061 
 7.112         1.791 
 4.54          4.511 
 3.588         7.84 
 2.283         6.965 
 6.417         2.046 
 5.038         0.888 
 2.875         9.963 
 4.168         8.637 
 10.113        3.186 
 6.904         6.949 
 1.078         4.713 
 7.639         6.171 
 5.977         0.249 
 4.733         10.078 
 5.527         7.457 
 5.093         5.651 
 4.453         3.888 
 0.612         2.967 
 4.293         0.67 
 5.389         4.015 
 5.219         1.712 
 6.916         2.83 
 1.719         5.963 
 7.199         10.324 
 4.295         5.567 
 8.624         1.181 
 8.291         5.056 
 9.16          6.557 
 2.314         0.206 
 1.16          0.813 
 1.411         3.649 
 5.905         0.003 
 5.984         7.228 
 0.901         9.102 
 7.468         2.111 
 3.927         4.996 
 7.748         1.65 
 5.832         10.217 
 8.335         0.986 
 5.081         4.42 
 2.284         5.414 
 1.05          3.627 
 1.869         6.488 
 3.002         4.882 
 8.258         9.598 
 7.41          3.002 
 0.989         2.823 
 3.55          0.34 
 3.27          8.691 
 5.285         2.588 
 3.747         2.801 
 5.307         0.494 
 9.51          2.266 
 8.304         6.475 
 3.641         10.207 
 0.888         5.972 
 4.51          6.978 
 6.822         10.158 
 1.642         3.825 
 2.414         5.28 
 3.799         0.318 
 10.153        6.024 
 4.471         5.921 
 9.088         9.32 
 7.941         7.397 
 24.737        5.447 
 18.656        7.648 
 14.123        4.652 
 16.099        2.506 
 17.701        5.388 
 23.633        9.753 
 21.615        3.327 
 15.198        2.456 
 22.775        3.998 
 18.956        5.258 
 19.433        7.525 
 20.336        6.753 
 21.002        1.779 
 24.876        2.229 
 23.87         8.725 
 17.108        5.099 
 18.518        1.27 
 18.585        0.529 
 14.586        5.863 
 19.56         8.21 
 23.481        4.388 
 16.303        8.206 
 18.539        6.98 
 21.158        4.422 
 20.867        10.839 
 24.858        7.657 
 21.206        8.079 
 25.27         3.922 
 23.044        7.105 
 18.82         1.149 
 25.297        5.438 
 23.854        2.396 
 21.319        4.354 
 17.607        5.537 
 25.099        5.69 
 23.639        6.133 
 25.469        7.23 
 15.677        7.623 
 18.213        8.317 
 18.041        5.468 
 22.48         2.461 
 15.307        8.629 
 19.683        5.698 
 22.455        8.807 
 20.911        10.7 
 23.533        7.423 
 18.103        8.77 
 14.424        4.418 
 18.27         1.845 
 24.558        5.607 
 21.179        1.167 
 22.077        7.074 
 18.882        5.478 
 20.042        3.559 
 22.838        2.596 
 23.735        6.715 
 22.375        4.285 
 24.221        6.445 
 22.588        5.689 
 20.736        9.553 
 18.646        2.855 
 21.863        8.166 
 18.277        3.064 
 21.101        4.454 
 18.474        3.733 
 20.768        3.435 
 15.418        1.669 
 20.322        10.519 
 23.467        6.587 
 20.375        6.324 
 19.759        4.827 
 23.844        2.702 
 15.111        2.974 
 16.046        2.307 
 16.897        9.85 
 23.409        7.176 
 24.698        2.548 
 20.007        5.412 
 23.947        9.184 
 16.134        23.019 
 17.261        22.623 
 18.216        22.209 
 17.488        21.359 
 17.642        20.721 
 16.511        21.447 
 16.392        21.532 
 16.326        22.351 
 17.866        23.08 
 17.231        23.282 
 18.409        22.031 
 16.448        22.855 
 17.963        22.111 
 16.214        21.571 
 17.077        21.454 
 16.025        21.015 
 16.707        21.737 
 15.544        21.883 
 18.299        21.887 
 16.6          21.822 
 17.228        22.949 
 17.854        20.801 
 17.602        21.005 
 16.861        21.599 
 15.752        22.047 
 16.518        22.383 
 16.486        21.443 
 17.48         21.643 
 17.61         22.375 
 16.037        23.132 
 16.196        21.669 
 17.812        21.769 
 17.558        23.259 
 17.317        22.037 
 18.346        22.111 
 16.451        22.043 
 16.105        22.205 
 17.037        22.489 
 15.858        21.606 
 17.889        21.388 
 18.059        22.759 
 17.293        21.272 
 17.909        21.374 
 17.716        21.921 
 17.841        22.535 
 17.377        21.434 
 15.724        22.421 
 16.961        21.809 
 17.553        21.219 
 16.86         21.818 
 17.12         21.893 
 18.013        21.539 
 16.723        22.366 
 15.654        21.523 
 17.842        21.004 
 16.768        21.987 
 12.414        23.05 
 13.404        24.348 
 13.461        22.244 
 13.166        22.869 
 13.604        23.264 
 13.031        23.424 
 14.137        23.221 
 12.626        21.859 
 14.444        24.05 
 12.469        22.263 
 12.994        23.207 
 12.936        23.029 
 14.349        22.312 
 13.933        24.415 
 12.541        22.083 
 14.777        22.756 
 14.683        22.857 
 14.082        23.394 
 14.761        22.701 
 12.657        23.544 
 13.45         23.297 
 14.138        22.798 
 13.006        23.554 
 14.633        22.615 
 14.828        23.316 
 13.369        23.206 
 13.529        23.754 
 14.185        22.473 
 14.592        23.797 
 14.474        23.448 
 13.082        21.65 
 12.771        23.557 
 14.89         22.681 
 12.454        21.96 
 13.072        22.154 
 13.296        21.554 
 14.153        23.329 
 13.533        22.079 
 14.98         22.761 
 12.258        23.636 
 13.4          23.492 
 14.045        21.81 
 14.014        23.651 
 12.678        22.474 
 14.061        22.719 
 13.19         21.914 
 13.396        22.922 
 14.486        23.2 
 13.844        22.097 
 14.175        24.022 
 12.43         22.837 
 13.113        23.792 
 13.126        22.711 
 13.919        21.584 
 14.941        23.123 
 14.618        23.12 
 13.256        22.087 
 12.699        23.313 
 12.976        23.447 
 14.694        22.301 
 13.497        22.052 
 12.834        24.07 
 13.963        23.46 
 13.365        23.349 
 13.684        21.728 
 13.943        22.309 
 13.028        23.2 
 14.431        22.909 
 12.602        23.702 
 13.244        21.888 
 13.877        22.176 
 13.783        24.422 
 14.719        23.538 
 13.097        22.607 
 13.156        23.452 
 12.681        21.835 
 14.877        23.354 
 13.773        24.188 
 15.421        19.015 
 16.258        19.538 
 14.816        20.105 
 16.331        18.352 
 15.019        19.67 
 13.737        19.681 
 13.533        19.056 
 14.483        20.271 
 15.332        17.998 
 14.368        18.055 
 14.81         17.525 
 13.642        18.693 
 15.767        18.281 
 15.952        18.72 
 14.169        18.557 
 13.636        19.413 
 13.983        19.088 
 13.692        19.36 
 14.175        18.583 
 14.485        18.274 
 15.925        19.556 
 15.781        18.424 
 15.595        20.261 
 15.307        19.052 
 14.576        19.533 
 16.086        19.483 
 14.965        18.191 
 14.24         18.213 
 13.735        19.574 
 14.26         18.881 
 14.691        18.093 
 13.958        18.914 
 14.875        19.488 
 15.293        19.211 
 15.264        19.638 
 14.117        18.639 
 16.32         18.6 
 16.241        18.957 
 14.638        17.862 
 14.332        19.84 
 14.177        20.183 
 16.296        18.403 
 14.652        18.061 
 14.787        18.092 
 15.862        17.815 
 14.837        17.902 
 14.213        18.246 
 15.023        19.102 
 15.38         19.393 
 15.516        17.917 
 14.97         18.572 
 14.732        18.833 
 13.538        18.953 
 14.03         18.922 
 16.302        19.098 
 14.959        19.267 
 15.34         19.62 
 14.781        20.38 
 15.682        19.586 
 15.637        18.538 
 15.51         20.405 
 14.814        19.811 
 14.117        20.076 
 14.352        18.424 
 16.332        18.313 
 14.055        19.041 
 14.659        19.613 
 15.965        18.675 
 14.063        20.145 
 14.975        18.228 
 14.451        19.105 
 15.127        18.768 
 14.749        18.709 
 15.223        17.518 
 14.548        20.128 
 15.995        17.91 
 14.975        18.005 
 15.299        19.198 
 15.381        17.677 
 16.184        18.547 
