     6     8     6     9     0     0     0     0     0     0     0     0     0     0     0     0
     7     4     3     4     0     0     0     0     0     0     0     0     0     0     0     0
    12    18    51    71    15    19    53    67    16    20    50    50    14    20    52    70
    13    28    25    42    36    21    16    36    27    33    41    48    55    77    86   101
    21    23    28    23    32    31    29    23    36    38    38    38    28    31    31    37
    21    30    20    12     0     0     0     0     0     0     0     0     0     0     0     0
    22    43    56    61    62    50    75    68    55    37    55    65    80    32    31    38
    24    56    76    45    50    73    55    44    74    53    28    21    60    27    58    52
    25    16    56    82    76    60    72    58    92    88    53    56    92    70    65    73
    26    26    27    26    27    27    29    27    34    38    36    37    39    43    40    40
    26    26    29    29    29    29    29    28    34    30    30    32    45    36    42    28
    26    27    47    54    54    48    50    45    33    28    33    29    32    29    18    24
    26    31    30    28    29    37    35    29    33    35    37    36    30    42    42    40
    27    23    29    32    39    69    59    39    57    45    23    29    52    30    27    44
    27    26    24    25    25    24    24    24    24    25    25    27    36    34    34    38
    27    27    29    28    26    28    29    24    25    32    35    27    29    28    29    27
    28    20    13    29    34    55    15    18    43    60    19    36    47    74    61    49
    28    28    29    27    26    28    30    31    28    28    33    35    26    30    52    50
    28    28    29    28    28    29    31    27    28    28    30    28    31    35    39    38
    28    30    46    64    35    38    43    66    50    53    63    57    54    50    49    49
    28    31    32    30    38    44    43    35    40    42    46    40    34    31    32    33
    29    47    55    50    37    69    77    74    62    67    92    85    23    66    78   101
    31    19    37    36    70    72    64    56   114   121   122   129   102   116   122   117
    31    25    27    30    32    28    35    32    27    22    17    17    19    34    21    21
    31    30    32    13    17    30    48    34    16    28    43    46    14    52    45    40
    31    46    43    12    29    66    26    13    14    60    45    26    13    36    88    75
    32    36    45    39    30    26    28    28    30    33    33    41    29    33    31    28
    32    38    31    33    34    32    34    46    32    37    37    36    30    33    36    27
    32    40    40    55    14    16    16    15     0     0     0     0     0     0     0     0
    33    31    31    29    36    31    31    30    33    31    38    34    38    38    34    24
    33    33    39    54    70    62    68    56    66    59    77    70    69    67    75    73
    33    40    43    33    41    24    31    30    48    42    35    38    43    42    44    52
    33    45    42    65    36    55    31    58    53    70    34    69    66    75    47    58
    33    52    64    70   117   123   162   118   154   165   167   158   139   146   147   137
    34    27    11    12     0     0     0     0     0     0     0     0     0     0     0     0
    34    58    58    86    45    69    42    55    85    94    81    79    72    48    57    68
    35    36    38    39    45    46    46    43    57    53    45    46    57    57    56    54
    35    54    74    74    30    69    83    73    59    73    36    52    73    18    52    70
    36    28    61    55    54    81    83    72    61    75    75    80    50    43    63    71
    36    35    30    31    34    34    35    31    31    34    30    32    31    32    29    32
    36    38    52    61    50    63    82    86    72    77    90    95    74    71    85    85
    36    41    35    39    30    33    33    38    25    30    39    32    44    21    33    36
    37    34    29    30    41    39    32    35    47    48    37    35    37    31    31    32
    37    35    62    86    25    31    56    69    60    58    58    79    80    69    55    33
    37    47    47    50    42    46    51    50    45    45    48    54    42    40    38    50
    37    66    62    44    49    42    46    37    91    76    54    46    83    87    77    45
    38    41    39    45    39    32    33    72    43    32    64    76    24    38    82    41
    38    46    41    26    29    35    49    34    22    29    32    32    23    27    28    28
    38    47    52    65    43    57    54    79    48    38    65    60    67    69    87    52
    38    54    43    37    21    46    31    37    29    28    38    57    36    43    64    80
    38    57    48    41    35    65    26    52    71    58    44    83    80    76    71    88
    39    34    30    34    41    48    45    41    50    39    34    34    41    39    35    32
    39    40    41    43    46    46    47    45    46    44    42    44    53    55    54    55
    39    41    47    50    53    56    43    49    50    53    31    30    25    26    25    24
    39    43    33    32    41    43    44    45    47    46    48    53    46    49    59    63
    39    51    64    66    41    37    42    67    46    50    67    71    41    53    91    76
    39    85   100    63    51   146    99    52    55    58    83    81    38    28    87    64
    39   163   163   149    44   138   172   182    43   159   186   184    36   172   188   186
    40    28    32    45    49    40    47    46    44    41    43    42    32    43    36    38
    40    35    43    59    43    53    38    90    39    47    52    73    57    37    40    52
    40    36    42    42    36    37    36    42    33    32    37    37    31    34    34    29
    40    72    85    72    36    64    61    49    36    59    30    53    41    61    39    60
    41    40    38    41    54    52    51    50    65    65    65    64    66    68    66    65
    41    42    43    43    47    47    36    30    62    61    38    18    65    51    23    21
    41    44    44    40    40    39    40    40    40    40    38    39    40    38    38    36
    41    78    45    52    58    78    62    48    96    53    73    99    86    85    61    53
    42    45    47    49    61    63    63    62    67    65    61    61    79    77    77    72
    42    53    79    93    46    63    54    57    52    57    46    59    43    39    51    65
    42    83    87    39    43   107    92    58    46   133   122    75    61   117   119   133
    43    79    84    79    53    55    73    89    71    42    26    80    79    58    41    80
    44    26    48    70    31    42    56    90    47    27    55    80    24    44    99    85
    44    36    28    50    44    21    43    71    42    65   112    31    81    91   103    86
    44    40    46    57    48    43    48    47    40    32    37    40    35    38    34    34
    44    40    63    81    48    50    71    61    63    79    65    38    79   101    94    57
    45    44    41    40    41    41    40    36    36    38    38    44    34    35    36    35
    46    32    48    31    76    92    89    88    98   109    98   117   109   135   138   116
    46    37    40    39    31    32    34    28    27    26    27    26    30    36    34    33
    46    57    53    57    59    63    59    46    64    61    50    38    39    64    57    62
    46    62    77    71    51    49    80    62    50    55    84    71    89    87    63    69
    47    23    21    19    19    18    23    22    19    20    20    26    51    43    49    37
    47    27    29    31    50    22    28    25    34    24    26    34    35    36    35    50
    47    45    45    47    46    41    44    48    53    41    44    47    44    43    53    48
    47    46    41    44    44    46    41    38    45    47    45    41    50    45    49    43
    47    48    45    46    33    29    28    33    19    19    22    21    17    16    17    16
    47    51    55    76    62    82    86    65    70    92    90    89    82    79    77   107
    48    29    40    81    50    37    38    56    56    63    69    58    69    77    79    86
    48    32    33    44    82    36    22    68    69    55    58    94    88    66    99    97
    48    50    45    60    79    74    55    75    74    58    60    61    86   101    83    78
    48    52    52    49    47    63    63    46    61    53    57    40    48    36    44    39
    48    53    73    87    44    48    65    79    43    49    57    65    37    39    42    42
    49    51    58    67    56    51    68    83    59    48    71    75    60    46    79    49
    49    54    65    69    47    50    66    70    30    37    65    66    45    45    59    57
    49    56    63    75    52    62    61    57    53    56    61    67    55    57    63    55
    49    63    81    56    74    72    74    59   101    91    79    77    94    89    88    84
    50    40    23    37    53    33    64    80    25    47   107    71    80    96   105    91
    50    44    58    86    46    48    83    69    58    45    66    78    66    61    86    67
    50    48    38    39    98    95    81    85    68   114   178   183    45    86   153   177
    50    49    52    47    63    61    60    54    65    64    65    61    65    66    67    68
    50    54    53    51    48    39    36    46    36    32    35    33    26    26    30    26
    50    56    62    66    60    64    74    72    57    64    64    54    63    45    50    60
    50    60    71    91    54    67    76    96    54    62    81    91    64    62    82    85
    50    73    75   102    67   103   110   119   101    75    97    89    90   101    87   131
    51    47    45    45    48    48    46    39    50    39    42    38    47    46    53    41
    51    52    63    61    63    60    60    59    72    74    74    72    80    81    81    80
    51    53    57    58    51    52    54    57    55    54    56    57    40    43    48    48
    51    55    81    85    80    52   108    97    79    43    80    93    72    45    91    66
    51    62    62    36    51    77    54    50    76    51    50    48    84    59    59    56
    51    94    85    71    33    42    60    62    56    56    50    64    73    92    68    54
    51   139   138   163    73    90   148   147    77   158   163   157    70   158   171   165
    52    45    80    68    21    27    43    38    68    55    37    34   131   121   109    68
    52    49    54    56    67    43    60    58    58    53    40    49    91    91    76    87
    52    56    62    55    63    60    54    58    43    71    72    72    48    69   106    95
    52    58    60    55    54    50    50    60    59    59    52    48    53    51    48    50
    53    53    51    49    55    55    53    51    52    52    52    52    37    39    41    40
    53    54    53    53    56    54    54    55    47    47    49    51    43    43    40    41
    53    61    52    52    52    66    73    62    72    74    69    51    82    64    62    58
    53    84    74    60    67    94    49    63    69    85    57    67    92    67    29    58
    54    46    67   100    99    84    70    61    85    52    87    81    52    53    52    69
    54    55    44    36    58    70    61    58    40    56    38    41    36    48    33    36
    54    58    53    52    58    56    54    57    56    35    46    45    40    41    45    48
    54    60    58    61    46    46    60    56    42    57    50    54    47    62    52    43
    55    38    48    66   106    84   121    90   165   149   143   125   166   168   127   168
    55    44    54    68    56    65    56    63    50    72    47    51    40    55    52    55
    55    64    73    89    51    51    63    80    58    38    45    44    79    59    35    65
    55    64    82    65    61    55    46    55    74    81    73    72    83    91    89    87
    56    51    40    43    61    45    41    40    54    43    37    37    46    41    38    40
    56    52    48    41    76    72    67    54    80    78    76    69    81    81    78    74
    56    57    66    85    59    68    82    82    67    69    59    77    74    82    83    83
    56    58    68    62    64    56    58    60    63    77    86    60    54    77    67    73
    56    61    60    82    56    52    75    89    65    43    38    73    70    46    53    77
    56    70    45    27    89    62    54    48    67    75    69    80    27    29    70    66
    56    88    80    56   103    91    63    78   101    67    63    86    62    74    93    89
    57    51    56    55    57    59    62    58    44    58    53    56    33    54    43    39
    57    54    62    39    75    70    69    37    46    70    86    49    68    70    58    76
    57    56    55    52    65    65    65    65    68    66    65    66    69    68    67    67
    57    60    61    47    56    59    40    35   122    61    42    42   194   144    70    51
    57    64    76   145    40    96   108    86    38    73    97    83    42    46    43    76
    57    73    70    77   105    79    71    84   117    71    93    80    76    73    93    72
    57    76    68    55    74    92    89    82   121   107    96    95   136   123   118   108
    58    25    53    56    51    18    26    34    59    21    13    25    70    39    27    14
    58    34    59    93    93    94   112   110    88    94   104   110   115   111   112   114
    58    46    43    45    37    59    66    56    72    56    61    40    59    57    56    81
    58    48    57    80    38    59    76    78    66    63    77    87    48    73    71    79
    58    51    54    64    51    70    76    87    71    71    74    78    67    60    66    68
    58    61    65    68    39    39    36    36    36    39    63    76    72    66    56    52
    58    65    79    65   120   100   107   122   148   107   165   109    97   147   104   136
    58    66    54    51    54    66    52    53    54    64    53    60    86    52    70    50
    59    29    26    46    58    19    33    58    66    39    32    47    60    37    56    71
    59    45    65    78    59    47    41    40    40    38    50    46    43    47    52    54
    59    46    50    48    59    47    46    52    51    51    52    49    42    37    45    52
    59    58    70    60    60    65    85    87    78    66    81    89    67    67    88   113
    59    59    83    71    58    62    89    83    85    81    83    98   122   101   104    95
    59    63    83    76    77    98    92    80    90    99    91    95    95    93    87   111
    59    64    59    39    79    54    38    35    96    90    68    38    66    82   102    97
    59    64   101    93    96    74    43    41    92    76    63    72    74    68    59    81
    59    66    46   116    66    53    39    82    79    59    25    83    75    61    55   113
    60    52    57    46    85    85    70    51    65    68    76    75    52    48    55    67
    60    54    41    29    61    44    34    48    67    33    38    61    49    29    40    55
    60    70    78    62    23    71    65    82    75    89    51    95    78    81    45   109
    61    36    51    37    61    38    45    33    51    39    42    35    58    55    50    53
    61    42    34    21    44    45    45    45    48    45    43    57    55    58    68    81
    61    65    53    56    99    69    60    52   101    77    69    59    74    84    85    55
    61    66    96    97    59    62   108   114    67    55    70    71    72    62    52    64
    61    74    95    87    68    63    48    78    55    71    66    58    64    49    10    33
    62    53    50    51    64    64    45    45    60    76    68    69    70    67    80    75
    62    60    59    59    67    67    67    66    69    68    69    67    69    68    68    73
    62    65    29    63    81    69    47    67    66    71    33    58    41    45    54    55
    62    68    74    77    57    54    53    59    73    83    75    86    77    75    73    79
    62    81    69    68    63    77    82    70    67    67    62    82    82    79    64    56
    62    89    94    89    41    91    90    99    39    55    81   100    50    34    37    80
    62    98    92    91    98   124   100    81    72    99    88    72    76    93    92    65
    63    48    58    79    93    77    71    82    71    75    82    86    61    68    61    90
    63    55    84    82    82    83    92    56   116   108    71    71   137    78    56    72
    63    58    69    60    69    74    71    51    67    47    38    58    56    45    38    66
    63    59    53    59    63    64    59    52    48    52    58    60    57    65    78    81
    63    69    71    68    94    96    93    91   114   113   125   130   119   110   116   130
    63    75    63    76    75    86    60    63    84    76    57    55    80    69    66    69
    63    87    93    71    73   119   101   119   148    78    71   110   126   140   152    88
    63    92    89   116    88    86    84   104   105    71    40    27   104    94    73    60
    64    56    42    47    56    45    31    46    39    68    59    69    62    80    68    74
    64    62    36    38    56    34    35    37    77    62    45    34    44    31    35    57
    64    93    79    88    77    77    93    85    81    83    78    83    80    90    90    92
    64    97   124   107    81    97   119    98    78    99    99    80    98    98    63    72
    65    60    85    64    49    58    82    91    58    49    72    87    57    57    71    79
    65    62    79    54   162   120   181   181   134   176   164   166   140   145   137   136
    65    63    67    51    51    53    60    56    44    53    59    58    48    62    61    57
    65    70    31     9    46    93    96    66    50    63    69    69    53    67    57    58
    65    75    75    70    87    73    73   122    64    69   157   164    62    89   107   108
    65    94    76    90    81    94    91    86   119    87    78    70   117    94    73    90
    65    95    78    94    95   105    87    94    74   106    68    83    65   109   109    54
    65    98    94    98    48    72    91    95    32    49    79    80    97   106    92    60
    66    52    45    43   122   150   163   144   111   122   140   158   141   133   125   126
    66    54    80    78    87    59    75    72   103    83    53    57    92    99   104    97
    66    55    42    47    59    45    53    62    63    34    56    54    51    73    77    53
    66    62    65    64    74    69    67    64    85    82    80    79    85    84    81    81
    66    64    74    59    88   123   108    95   114   100   101    99   123    98   113    95
    66    67    68    77    65    65    69    72    55    57    59    58    45    46    46    49
    66    69    67    68    68    64    63    64    66    67    59    54    69    56    55    73
    66    69    78    60    75    82    72    69    80    70    69    70    89    85    64    65
    66    70    60    48    68    80    70    49    47    53    60    48    56    64    50    57
    66    89   106   101    87   116   139    85    82   110   121   102    62   103   120   119
    67    59    65    61    73    84    86    69    47    61    80    73    27    25    62    32
    67    66    21    22    46    52    36    25    14    49    71    58    88    58    70    61
    67    67    65    64    82    82    78    80    85    87    86    85    85    86    85    85
    67    68    69    69    63    65    66    65    61    64    62    64    52    52    54    57
    67    82    88    83    21    44    56    57    14    21    18    26    37    43    30    23
    67    90    93    78    59    62    60    77    77    80    62    84    71    71    71    91
    68    46    81    71    57    27    82    39    47    41   102    82    43    67    78    73
    68    64    44    43    77    51    63    70    87    69    69    58    79    50    67    98
    68    72    74    91    66    57    64    81    61    57    59    58    78    51    61    54
    68    73    81    86    75    90    65    73    60    84    90    73    82   101    95    87
    68    76    94    64    50    47    65    35    93    59    35    60    77   108    32    23
    68    83   118   170    63    97   109   147    59   107   135   130    90    96    99   112
    68    86    73    75    73    77    83    65    74    88    77    55    74    91    85    74
    69    52    62    41    67    79    39    39    66    34    22    28    55    50    58    71
    69    58    67    57   174   178   181   182   173   177   179   154   144   137   122   115
    69    63    81    86    76    77    70    71    66    67    55    62    52    54    57    57
    69    64    76    63    76    76   100    76    88    81    95    70    91    89    68    71
    69    65    92    78    51    35    67    84    75    66    59    64    81    77    50    44
    69    65   102   110    86    74    88    70    59    83    68    65    64    76    68    93
    69    95    89    83    62    74    78    76    55    63    84    73    51    75    96    66
    69    98    91   108    38    90    83    70    23    48    55    57    82    59    37    76
    70    36    19    29    71    32    45    17    50    27    41     9    70    48    53     9
    70    63    71   104    74    72    87   108    75    87    88   102    73    71    76   106
    70    66    72    68    57    72    68    63    58    57    48    52    58    56    53    57
    70    68    73    71    86    86    93    99   116   118   114   114   118   133   126   127
    70    72    69    74    66    76    60    72    59    73    62    85    77    82    69    88
    70    78    72    73    59    60    64    68    68    68    66    58    67    44    58    50
    70   111    87   136    75   144   106   127    78   163    85    76    64   138    72    70
    70   182   190   188   171   182   185   184   187   180   186   184   190   187   185   184
    71    49    55    65    78    60    68    60   127    87    58    48    68    58    54    49
    71    60    53    54    52    48    47    49    46    45    45    46    87    57    55    56
    71    64    97    86    97    86   108    94   152   138   115   104   130   134   135    90
    71    65    82    75    68    87    77    72    71   107   110    80   101   139   125   109
    71    68   123    79    76    84   142   110    89    90    96   132    95   102   168   146
    71    71    74    77    67    66    70    68    64    65    65    67    58    60    62    63
    71    73    69    69    68    70    71    66    76    72    74    79    96    95    91    84
    71    82    89   112    72    76    75    71    68    66    66    64    68    65    66    62
    71    85    93   106    71    81    88    96    92    84    90    97   103    82    93    64
    71    85   107    93    80    61   104    71    77    58    77    61    93    96    77    73
    71   131   109    67    73    93    98    73    85    86    77    79    70    67   131    91
    72    52    71    64    97    80    66    93    63    62    87   105    45    43    73   109
    72    64    97   103    64    58    87   113    68    61    86   121    74    82    74    85
    72    65    31    50    81    42    28    57    56    36    42    47    54    45    48    27
    72    67    74    72    66    69    68    81    64    68    61    76    79    69   100    71
    72    72    89    72   124    77    93    71    69    65    66    67    77    56    57    62
    72    74    60    59    70    72    86    41    84    87    61    60    99    85    70    92
    72    74    73    75    67    68    68    69    81    83    82    81    81    83    85    85
    72    77    98   110    97    90   100   106   110   111   108   115   122   116   118   114
    72    84    65    63    67    81    80    61    69    86    79    69   103   100    84    73
    72    95    99   153   103   112   108   118   108    96   109   100   151   116    94   110
    73    68    76    79    66    74    77    73    58    57    66    69    48    35    39    21
    73    73    58    61   108    73    87    76    89    94   111    78    89    81    79    85
    73    74    51    55    80    86    58    78    61    84    79    87   114    77    71    84
    73    78    74    67    83    57    68    95    95   103   110    98    81   102   112   101
    73    81    74    72    81    80    79    77    74    80    78    83    80    79    80    77
    73    98    93    83    82    89   114   105    98   131   135   118    82   120   109   131
    73   117    60    59    72    88    61    61    82    54    58    60    77    62    63    55
    73   127   168   182    77   124   166   176    92   145   170   175   119   160   171   170
    74    28    57   101    88    94   113    97    93    88    78    63   109    62    58    61
    74    66    95    82    82    51    34    76    58    24    33    56    55    78    53    37
    74    84    96    77    67    95    96    72    72    98    92    73    77   105    91    70
    75    52    39    64    75    52    34    49    63    52    57    63    60    59    41    58
    75    59    55    54    77    59    49    40    75    59    41    38    69    57    78    75
    75    62    58    79   108    81    92   101   102    80    91   101    72    95    85    76
    75    68    65    62    65   103    71    84    72    60    67    77   120    83   108    69
    75    73    79    25    24    49    44    31     8    50    31    25    42    68    27    38
    75    77    69    80    70    71    73    67    82    68    76    84    90    80    72    78
    75    77    80    92    68    70    73    75    80    82    79    73    79    78    79    85
    75    80    49    63    70    88    67    50    65    64    47    53    56    72    71    58
    75    92    97    91    86    97   103    94    85    88    96    85   106    86    79    94
    75   127    96    87    82    98   103    76    81    91   113    72    95   139   121   102
    76    53    22    30    83    67    81    70    69    74   103    87    77    76    93    80
    76    68    65    98    73    61    59    88    92    68    65    78    91    83    75    72
    76    77    76    78    69    69    71    73    65    69    69    69    64    67    67    69
    76    78    72    77    85    83    86    92   117   104   105    98   104   104    96   103
    76    79    70    66    79    82    82    78    51    36    49    48    46    36    35    55
    76    80    82    54   164   152    65    38   170   151    45    25   166   146    50    43
    76    80    88   105    81    98   114    85   100   109    79    68    80    74    84    81
    76    81   101   138   101   130   135   151   198   130   163   159   182   187   167   167
    76   121   162   145    86   117    91    97    97   118   130   179   144   121   148   171
    77    35    64    59   116    95    82    55    75    87    76    67    86   121    86    86
    77    49    93    78    70    60    63    51    80    54    82    60   127    81    64    65
    77    67    69    69    74    75    68    70    64    72    82    62    43    35    49    66
    77    73   145   203    82    80    81    87    81    82    84    85    81    81    84    85
    77    75    82   113    77    73    77    86    77    68    78    89    82    83    83    90
    77    82    92   103   104   131   117   108   102   102   107   113   119   106   122   111
    77   102    85    53    65    70    66    92    64    69    70    73    70   109    98    74
    78    39    38    81    68    38    75    50    80    53    45    61    54    83    76    78
    78    61    58    55    66    72    72    69    51    67    71    93    72   117   135    91
    78    68    75    66    82    96    92    81    92    80    86    68    97    62    60    61
    78    77    70    68    56    67    76    84    63    60    56    54    49    51    60    47
    78    78    67    57    64    76    65    52    65    69    70    59    59    65    78    79
    78    78    84    99    88    85    87   103    87    78    84    97    92    91    92    99
    78    81   219   238    77    83   222   238    73    83   226   238    73    83   226   238
    78    83    83    83    74    81    85    85   137   116    98   108   164   152   126   110
    78    84    92    89    89    68    99   101   106    76    89   100   111    80    70    89
    78    97   137   135    88    99   123   123    76   105   116    92    46    60    54    59
    78   121   146   110   116   134   122    93   117    85    79    78   102    68    65    92
    79    60    74    87    98    67    52    66    94    85    67    65   135    96    82    85
    79    75    95    92    92    86   117   131   127    96   106   133   125   109    96    75
    79    90    66    74    58    56    60    58    70    78    67    46    49    58    45    53
    79   101   103    67    86   114   111    96    87   106   109   102    93    92   101   100
    79   107   108   103    82   114   112   106    74   109   109   107   104   112   101   103
    79   108    76    78    69   123   108    71    87    94    73    85    78    93    92    94
    79   123   101    96   102   111   115   125   110    86   139    98    75    97   114    98
    80    58    64    88    80    70    66   107    71   121    72   108   111   118    93    80
    80    62    63    56   112    71    55    52   125    68    65    60   136    70    67    84
    80    73    57    52    78    77    59    52    87    65    77    79    88    82    86   126
    80    77    77    79    72    71    70    70    69    66    67    66    67    64    62    64
    80    80    82    88    80    82    81    80   114   104    95    88    87    96    95    88
    80    81    84    85   106   109   105    95   103   106   102   102    90    98   101    94
    80    83    85    82    56    69    64    71    12    14    17    25     8     8     9    20
    80    85    86    92    38    40    44    52    65    60    36    37    76    72    66    70
    80    88    77    69    94    90    84    61    77    85    82    65    89    72    76    68
    80   100    76    84    78    64    85    67    75    56    54    24    65    58    63    67
    80   104    71    61    74    88    86    73    77    70    66    82    84    71    81    69
    80   106    68    52    90    72    65    95    51    52    50    31    62    40    15    55
    80   121   129   129   119   134   145   150   124   130   128   117   121   118   115   128
    80   145   100   112    77   166   107   107    95   104    98   101   114    93    93    79
    80   150   159   166    63   170   154   161    70   169   168   151    65   150   152   148
    81    46    43    36    82    51    31    25    83    65    51    51   100    82    61    92
    81    70    37    66    56    53    26    74    54    32    23    18    45    16    14    12
    81    76    69    74    90    70    61    56    76    75    68    56    70    64    56    54
    81    79    81    83    79    77    79    82    80    80    82    84    52    60    64    74
    81    80    81    92    91    88    93    96    91    91    88    92    93    95    93    96
    81    81    82    82    82    81    83    82    83    82    82    82    79    85    93    92
    81    83    72    93    76    78    92   116    58    67   119   153    76    84    96   107
    81    85    88   170    75    75    79    89    59    61    64    64    72    64    60    63
    81    87    72    67    61    67    68    70    69    69    76    73    64    82    71    71
    81    89   111   107    89    93   127   128   117   101    86   108   110   103    88    85
    81    96   135   107    85    83   113    77    93    87   112    91   113   105    99    96
    81   136    93   124    65    59    40    53    61    34    31    36    62    38    38    48
    82    27    44    51    96    46    23    37    99    68    65    68    91    76    86    86
    82    54    57    38    89    63    34    42    73    48    56    53    83    58    75    62
    82    80    82    93    74    78    81   101    77    89   129   138    93    85    60    37
    82    81    81    84    83    82    82    85    77    79    77    78    65    67    69    69
    82    81    82    57    90    82    71    52    77    82    80    72    74    75    76    75
    82    84    92   110    78    79    88    95    68    83    92    93    95    86    69   101
    82    85    88    92    99    67    70    23    20    16    15    33    26    22    19    22
    82    88   100   102   119    92   102   112   107    87    90   112    93    74   102   110
    82    97   102    82    85    97   110   109    92    93    87    91    68    65    87   104
    82   100    76    83    80    59    56    75    94    74    53    73    93    60    66    70
    83    75    72    79    79    80    82    89    87    81    81    77    76    74    74    70
    83    76    87    97    98    76   116    84   110    92    78    90    92   105    94    83
    83    84    85   113    69    82    51    67    65    74    61    55    76    66    49    61
    83    86   101    94    73    65    80    59    59    54    51    64    38    52    64    62
    83    91    79    84    78   103    72    73    94    81   102    84    87    94    72    71
    83   141   124   135   129   106    88   101   130   105    89   138   127    84    84   101
    84    64    70    83     0     0     0     0     0     0     0     0     0     0     0     0
    84    70    81    91    92    79    92    98    89    76    89    88    79    81    90    86
    84    71    62    52    79    69    65    70   108    54    76    78   115    64    70    72
    84    81   104   118    89    79    73    84    75    69    68    73    75    64    75    71
    84    82    75    65    82    78    66    54     0     0     0     0     0     0     0     0
    84    93   105   107    87    94   112   112    91    93   104   108   100   102   108   116
    84   102    81    85    74    75   107    74    71    64    93    73    58    60    75    80
    84   104    95    73    91   101    72    62    94    96    77    74    96    89    83    74
    85    59    54    33    82    73    94    90    68   105   101    95    80   120   107    89
    85    61    52    70   135    88    56    74   157   120    63    37   195   134    73    41
    85    75    75    80   197    91    80    74   221   160    91    80   229   232   150    87
    85    80    80    89    74    82    89   117    75    96   123   115   100   124   129   113
    85    80    84    97    92    87    88    84    83    86    85    83    77    82    92    91
    85    84    96    92    90    85    79    80    89    89   100   109   109   101   123   130
    85    84   124   138   132   122   112   161   153   176   171   113   114   161   160    94
    85    89   113   114    90    98   113   104   134   122   110    92   105   112   113   111
    85    97    80    43   127    70    57    86    53    35    56    94    48    39    73    66
    85   127   103    75    72    98    93    84    77   106    75    89    77    93    86    77
    86    61    69    83    81    73    63    75    90    65    66    77    70    92    89   110
    86    80   104    89   109   121    84    83    83   103    92    93   109   122   145   142
    86    81    53    70    77    81    50    61    72    74    74    89    62    82    75    64
    86    86    90   100    97   113   114   106   118    98    66   101    98   113   113   112
    86    89    71    94    62    95    82    76    65    79    85    78    88    74    74    82
    86    89    84    94    98   107    91   110   128   110    94   117   142   110   110   119
    86    91    87    88    94   111   102    96   116   127   116   101   127   133   117   114
    86   104    84    84    68    81   103    86    78    94    69    73    91   112   105    70
    87    59    61    76    78    71    68    74    65    73    72    82    83    68    75    87
    87    60    63    73    99    79    88    84   126   122   116   102   118   116   129   126
    87    63    60    53    70    68    66    62    86    79    91    69    98   104    86    76
    87    75    71    82    77    68    65    64    75    72    65    67    73    80    79    79
    87    77    74    81    98   101    97    84   118   126   104    99   103   123   108   100
    87    79    83    89    98    93    93   103   115   110   108   106   118   123   116   113
    87    85    58    82    83   105    78    81    98   102    75    77   111    91    93    84
    87    88    88    99    94    93    89    90    76    82    82    82    77    79    86    81
    87    93    89   101    98    99   107   117   111   120   119   115   124   127   121   114
    87   101   133    93    74   121   158   142    89    83    99    80    84   116    97   111
    88    48    22    21    93    13    15    22    83    48    38    50   109   106    93   118
    88    52    87    95    71    44    67    75    57    47    37    57    42    26    53    71
    88    76   119    87    75    92   111    82    86   102   104   104   107   112   127   108
    88    81    97    78    86    83   104    66    74    67    83    71    86    90    93    76
    88    86    71    90    94    92    81    76    75    79    72    61    72    81    75    72
    88    90    73    75    86    95    82    78    86    98    91    86    90   100    87    92
    88    91    94    96    83    82    83    81    78    76    76    75    73    70    72    69
    88    92   116   121    89    93    96    93    86    85    91   104    88    83    98   127
    88    93    92   100    91    98    99    98    86   102   107   109   100   115   103   110
    88    95   110   112   104   105   100    91   115   118   118   134    62    85   100    95
    89    54    40    38    80    98    54    52    75    90    82    75    60    92   101    60
    89    61    47    24    83    83    69    55    72    68    74    61    66    70    66    83
    89    83    83    85   110   106   103    85   119   117   106    99   120   119   105    89
    89    83   102   106    91    85   110   114    84    92   123   135    83   103   134   145
    89    92   129   138    91   117   109   121    93    92    94    93    90    90   106    90
    89    94   110   110    89    95    97   104    96    93    99    94    80    87    87   101
    89   108    96    96    89    76    61    68   101    71    84    65    84    62    78    55
    89   117   117   125    84   107   100   104    90   111   115   120    95   115   112   111
    89   135   151   137   109   137   136   112   114   131   163   109   139   107   105    60
    90    70    87    90    97    59    71   108    73    64    85   101    88    79    70    85
    90    70   113    98    97    75    94   103   114    69   101   122    75    68    77    84
    90    79    88    74    83    81    83    71    97    73    73    76   101    96    80    85
    90    86    91    93    85    94   101    99    80    86    87    73    74    89    84    56
    90   109   133   139    79    92   134   122   115   104   128   129    72   121   151   151
    90   123   107   108    73    88   129    94    74    89   143    88    89   129   145    75
    91    50    45    70    74    68    81    70    56    90    88    66    52    91    68    63
    91    71    67    81    72    58   106    75    76    48   109    96    82    49    70    73
    91    75    75    48    83    78    68    48    85    75    72    83    88    75    84    88
    91    84    76    74    92   105    97   105    89   136   127   123    55    44    79    68
    91    87    76    85    95    85    91    88    77    67    77    79    72    69    81    78
    91    87   104    69    92    65    90    54    84    73    76    47   104    92    61    39
    91    92   123   101    74    96    87    91    64    73    88    63    59    47    67    63
    91    95    94   126   107    94    92   106   149    92    92    95   108    86   107   104
    91   102   102   107    97   104   107    93    63    90    95    83    84    79    73    72
    92    52   106    58   109    93    92    71   117   123    76    67    94   119    80    58
    92    64    56    63    98    77    61    65    66    77    84    84    74    71    71    68
    92    69    76   118    83    81    78    88    85    95   117    89    84    85    93   124
    92    94    99   104    92   106   114   117    95   113   115   112    93   102   115   108
    92    94   100   110   106   112   112   113   118   130   115   112   110   124   115   116
    92    96    91    98   101    93    93    96   113   100   105   102   119   100    89    88
    92   108   119   126    77    97   109   118    86    87   108   111    86    74    82    92
    92   110   184   174    76    82   134   136    73    63   134   151    90    92   128   136
    92   112   141    83    99    73    80    75    85    66    65    64    81    89    68    74
    92   115   153   117   100    87   144   161   138   139   171   165   166   168   182   181
    93    27    92   103    81    66   112    86   112    53   102    91   103    78    95    75
    93    68    59    88    98    83    86    86   127   118   110   101   115   116    98    92
    93    76    73    70    92    91    72    83    82    91    67    68    86    89    71    64
    93    82    89    84    75    79    89    78    87    89    86    86    74    77    72    64
    93    90    88    84   101    94    89    82   107    86    84    84    96    90    89    91
    93    91    85    60    71    72    80    60    69    90    77   100    68    60    53    80
    93    96   102    79    78    99   104    92    94    78    92    88    96    87    69    68
    93   106    78    59   179   183   183   177   175   174   168   184   180   185   186   186
    93   107    84   115    79    76    67    88    77    77    76    79    80    79    80    69
    94    82    77    75    82    79    79    81    75    73    79    89    79    79    87    98
    94    84    76    76    96    82    90    88    86    83    80    73    85    73    73    63
    94    90    88    78   117    96    81    81   113   100    84    70   112   108    90    77
    94    91    82    75    97    93    91    86    80    85    96    89    90    91    93    83
    94    91    92   150   156   130   104   105   168   133   121   113   131   116   128   157
    94    91   122   119    98   105   131   120    94    98   102   122    75   116   113   109
    94    96   113   135    91   125   120   153    87   119   144   122    88    93   141   100
    94   115   113   114   109   122   121   133   107   116   123   123   103   114   118   109
    95    72    68    73    96    61    59    62    66    61    63    67    80    68    55    69
    95    77    86    53   104    93    88    55    85   102   121    90    83   100   112    85
    95    77   126   105    94    98    70   110    82    97    86    61   141   130   148   142
    95    85    78    76    86    80    79    88    77    75    95    88    76    77    95    88
    95    94    92   100   112   115   115   112   128   124   127   120   115   113   111   111
    95    98    76    81    83   101    75    85    86    62    81    72    85    62    73    91
    96    88   123   151   128   138   120   117   138   163   140   121   138   158   156   117
    96    93    91    90    98    90    87    87    86    84    76    75    93    97   100   104
    96    97   103   105   102    98   110   109   101   100   110   112   100   109   101   102
    96   100    91    80   113   111   102    80   121   116   113   104   116    97    92   101
    96   103   150   195    93    98   135   163    89    99   110   113    83    96   113   113
    97    80    93    95    88    87    82    94    87    88   106   103   133   122   132   113
    97    88   109    99    46    33    99   103    26    26    70    87    61    48    69    74
    97    92    92    90    86    88   100   110    86    87    96   109   108   106   105   106
    97    93    91    91    91    94    94    87    92    85    86    85    96    91    88    84
    97   101    98   102   101    93    94    84    90    93    93    91   101   100    90    90
    97   103   100   103   102   117    90    85   117   103    72    56    91    75    55    73
    97   113   111   168    90    90   122   156    88   131   138   135   118   121   114    83
    98    69    92    72    64    88    95    90    68    75    87   129    77    89   126    84
    98    73    89   104   137    70    69    81   123    77    68   102    72    80    65    72
    98    76    51    87    74    63    64    66    61    55    52    56    41    43    52    50
    98    94    63    45    92   100    62    63   100   125    69    52    89   118    78    43
    98    98    91    99   127    99   100   123   124   117   116   150   129   106   139   157
    98   111   186   204    97   116   186   212   105   111   166   215   120   114   163   218
    98   117   100   112    71    94    79    85    91    85    76    74   104   139    91    82
    98   143   135   131    95   113   122   117    90    95    75    90    81    96    88   126
    99    79    79    88   101    98    81    88   115   110    88    94   101   107    99    95
    99    82    86    68    81    58    61    81    59    38    42    64    66    33    51    71
    99    84    80    90    92    82    85    84    91    87    91    96    90    87    92   107
    99    90    74    87    49    91   105    90    66    84   109    84    78    48    83   132
    99    92    76    86    55    75   105   133    63    89   107   131   103    89    77   103
    99    96    96    72   104    94    82    77    72    91    99    66    69    74   100    73
    99   107   117   121   103   108   113   133   105   114   123   134   106   114   112   110
    99   117   137   132   123    99    94   100   115   104   102   108   124   119   118   121
    99   121    96   150    98   101    89   156    53    65   121   175    62    46   112   145
    99   125   132    97   107   101    78    81    86    55    46    41    82    79    70    72
    99   130   146   133   107   137   134   127   114    83   114   108   125   116   115   113
    99   131   136   149    95    84   100   146   160   147   121   149   145   156   154   150
    99   136   164   171   138   174   177   176   178   177   174   178   155   145   162   161
   100    50    55    75    72    51    53    67    85    51    50    64    78    41    51    64
   100    85   149   224    90    97   156   218    88   101   163   232    84    88   165   237
   100    90    96    89   108    91    89    76    98   114   108    66   143    95    88    82
   100    92    97    81   101    95   107    82   121    98    95    79   122   106    98    97
   100   119    86    56   111   100    68    82   112    79    83    72    92    90    75    71
   101    69    51    62   111   103    98    86   105   101   113   111   126    84    55    88
   101    75    73    83   111    66    76    71   127    66    55    65    72    63    59    62
   101    76    90   100    93    89    91   117    92    76   107    97   102   114   108   113
   101    79   106    76    83   108   127   110    81   137   142   164    78    93   131   133
   101    98    83    66   113   107    92    83    95    92    92    87    88    80    81    87
   101   109   111   106   104   110   118   115   112   115   114   109   116   112   111   109
   102    73    94   106    94    98   114   119   111   116   120   117   117   120   122   116
   102    80    89   116   104    84    84   134   118    65    82   116   109    65    82    79
   102    88    76    72    91    47    34    35    77    55    45    54    95    77    69    68
   102    98    92    84    84    79    83    75    86    77    79    69    66    72    88    82
   102   100    92   105   103    91    95   101   100   101   102   105    93    92    97    95
   102   104   100    87   139   121   115   127   185   185   181   183   191   192   190   187
   102   119   100   131   108    86    79   117   135   147   123    99    69    77    80    81
   102   123   121    99   119   119   111    97   120   107   109   101   113   131   125   108
   103    64    80    94   111    60    72    94    95    56    80    97   108    71    96    99
   103    81    51    55     0     0     0     0     0     0     0     0     0     0     0     0
   103   100   101   104   107   132   131   128   118   139   140   135   113   126   133   127
   103   100   123   124   100    99   122   130   104    98   131   132    98    96   127   133
   103   105    98    90   109   113   115   112   102   104   117   112   109   103   112   108
   104    84    94    92    81    65    90    91    73    81    93    89    72    83    99    89
   104    85    90    95   105    91    86    77    69    61    60    69    64    46    45    50
   104   100   113   102    83    93    73    85    69    80    90    61    85    46    87    79
   104   106   116   119   127   126   113   101   137   140   135   146   120   146   162   163
   104   107   111   110   209   218   227   235   184   170   171   172   172   164   164   163
   104   108   112   119   110   124   132   135   109   139   151   143   133   150   156   131
   104   112   101    73   103   120    88    53   101    84    65    51    37    72    59    52
   104   121   103    79   104    93   117    93   119    89   107    87   121    96    96    81
   104   125   108   105    93    78    81    81    96    73    85    82    88    81    77    88
   105    82    60    74   160   160   127    79   106   154   174   113    51    70   160   138
   105    89    85    93   229   229   229   230   235   236   234   234   133   129   126   125
   105    96    91    92    95    96    96    92    88    90    89    78    80    82    81    76
   105    99   109   114   103   101   100   105   103   100    95   105   106   117   114   114
   105   104   107    82   135    89    85    59   100   110    84    66    90    93    94    83
   105   111   133    74   112   133   119    79   137   136    77    75   166   145   113   100
   105   114   133   137    90   100   112   124   100   117   141   152    69    78   102   130
   105   130   137   132   133   130   119   119   114   119   131   142    90   109   131   130
   106    72    44    67    93    72    53    64    74    71    60    55    74    72    73    78
   106    81    65    66    98    76    75    60    63    72    62    50    36    46    66    65
   106    90    86    59   106    87    87    64   116    84    58    64   103    89    80    80
   106   102    94    98   106    98    94    99    95    95   100    97    97   107   113   116
   106   139   150   153    90   128   124   105    87    94   107    77    90   112    99    72
   107    71    95    69   116    73    75    73    93    73    71    77    74    68    37    59
   107    92   126   107   122   103   108    97   118   113   111   123   112    87    89   153
   107   103    97    90    92    94    95    90    79    80    83    85    92    89    97    90
   107   110    97    91    96   100    98   102    82    97   118    96    82    82    98   100
   107   115   119   114   117   111   108   118   107   108    94   109   124   100   100   104
   107   130   137   141   100   123   138   136   106   125   136   133   108   126   132   134
   108    97   115   138   128   109   123   133   135   108   103   119   131   124   120   128
   108   107   101    98   101    99    98    91    81    83    84    83    97    82    93    88
   108   110   116   104   110   115   109   112   112   112   103   118   109   107   107   110
   108   125   115   127   137   147   129   127   123   112   119   136   121   135   133   125
   108   144   145    90   136   126   114   105   115   134   143   104   122   124   124    93
   109    86   110   120   113    90   122   100   122    66   112   121   101    77    83    88
   109   103   104   110   103    90   116   104    99    99   172   108   134   162    84    61
   109   107   129   224   120   104   140   216   113   104   166   203   108   105   176   202
   109   115   170   171   124   136   136   143   166   147   157   161   136   144   164   155
   109   129   173   212   155   121   141   209   215   211   208   210   190   200   201   204
   110   101    84    90   109    88    93    92   109   105   109   108    80    94   115   114
   111    88    87    91   110    88    90    72    95    89    77    71    76    74    81    78
   111    95    89    96    89    96   103   104    97    97    96   100   102    94    99   103
   111    96    92    95   104   117   116   121   119   130   128   122   112   121   121   121
   111   102    91    98    90    86    80    95    75    86    76    94    96    94    86    98
   111   108   119   107   197   204   204   206   247   248   247   246   172   170   168   159
   111   111   108   110   122   125   125   126   136   134   136   136   174   176   182   183
   111   112   117   110   104    91   102   108   114   117   134   137   124   132   132   129
   111   112   117   121   112   102   108   118    93    95    90   110    91   101   106    96
   111   119   122   142   163   160   127   125    89   113   144   107   125   100    88    85
   112    87   109   119   124   112   133   136   145   137   116   135   136   123    89   113
   112    89   103   156   108   113   133   148   122   160   146   171   122   171   165   169
   112    91   108   110   118   103    96   107   137   108   101    61   109   113    89    59
   112    96    92    80   102   100    97    65    62    68    67    72    77    75    86    65
   112   105   110   101   106   103   120    97   126   101    96   116   109   101   100   105
   112   108   115   136   101   104   108   112   106   104   114   106    81    90   100   112
   112   110   106    95   115   127   131   124   106   108   109   128   112   113    95   100
   112   110   112    85   114   117   100   111   114   128   126   126   136   120   148   129
   112   115    87    72   124   110   101   100   119   111   114   116   136   124   121   122
   112   117   117   117   131   126   128   126   111   118   120   121   109   110   116   117
   112   117   135   138   109   112   145   162    49    73    79    79     0     0     0     0
   112   128   126   124   131   134   126   128   143   129   114   120   146   129   120   117
   112   142   174   168   139   153   178   156   159   142   151   170   168   158   146   174
   112   144   166   129   153   160   169   160   230   230   234   231   190   191   191   192
   113    93   101   121   112   126    99   148    87   115   115   125   120   127   156   160
   113   102   101    91    50    45    62    60    46    49    59    66    60    61    58    39
   113   103   117   107   129   139   130    94   111    86   105   101   108   102    95   106
   113   113   105   113    78   105   120    70    30    36    69   105    75    68    78   127
   113   123   123    98   114   103    98    94    97   117   121   114   127   119   117   116
   114    98    62    72   111   124   105    83   123   126   103   108   128   124   127   132
   114   105    88    96   112   105   104    76   115   108    85    61    43    67    69    59
   114   105   108   114   122   142   134   137   115   123   116   126   102   126   134   127
   114   106    99    98   101   101    98   103   104    98   104   104   106    89    94    91
   114   110   103    99    87   112   105   119    53    75   118   122    67    64    65    68
   114   125   105    91   114   119   110   104    94    82    87    92    68    75    88   106
   115    65    61    65   116    64    70    71    77    66    73    74    85    62    77    82
   115   120    99    90   115   102   101    93    94    97   102    77    89    91    88    66
   116    55    85   103    74    84    90    81    45    89    98   101    49   118   106    88
   116    89    94   131   140   120   142   131   103   127   122   106   103   101    99    95
   116   100    76    78   106    86    90   100   100    96   104   104   124   126   131   136
   116   110   114   113    92   104    84   105    91    63    95    91    71    62   119   125
   116   111   155   136   114   121   145   161   182   184   178   200   224   229   214   236
   116   117   127   107   122   117   114   125   111   105   106   124    69    90    54    67
   116   125   133   133   112   129   140   138   114   128   147   136   112   126   142   137
   117    94   131   115    75    87   129   137    71    74   111    98    65    67    89   116
   117   108    88    89   116    93    89   131    50    39    48    36     0     0     0     0
   117   109   102   112   110    97   107   116   100    88   106   111   100    87   105   113
   117   115   116   108   114   119   120   114   106   106   110   109   103   104   114   117
   117   115   120   133   116   120   127   130   109   116   114   123   105   108   111   118
   117   116    85    99    84    75    83   119    66    77    86   166    65    71    89   136
   117   117   143   103    78    85    84    78    61    72    63    75    88    73    91    96
   117   125   119   117   114   121   122   119   117   108   120   124   110   119   114   115
   117   172   192   193   170   179   174   190   206   211   218   221   198   196   184   177
   118    94   108   122    88    95   110   116   100   102   103   106    87    88   102   112
   118   117   117   116   126   124   124   124   136   135   133   135   160   160   162   162
   118   118   145   142   119   133   148   155   118   159   185   175    85   146   191   187
   118   119   101    95   101   102    99   121   123   121   123   129   124   128   124   125
   118   134   111   165   149   148   119   169   159   126   151   163   143   144   151   161
   118   155   121   103    92   158   144   145   126   158   127   126   162   152   145   146
   119    85    87    91    98    83    83    78    84    75    75    66    63    57    70    77
   119   119   118   125   237   236   233   228   236   235   234   229   237   233   232   226
   119   120   117   111   114   109   106   107   119   119   112   122   109   108    94   107
   119   140   149   163   131   146   152   172   138   154   170   181   146   170   174   179
   119   195   209   224   134   193   214   227   125   180   217   228   145   155   218   226
   120    93   142   152   141    90   122   146    86    83    73   123    93    70    63   145
   120   117   117   117   119   118   118   117   130   129   131   132   140   140   140   139
   120   122   203   215   124   136   150   212   136   153   145   183   165   136   123   121
   120   128   135   130    72    76    78    87    66    68    72    67    67    68    71    76
   121    73    90    76   100    78    66    72    82    52    72    98    81    50    81    93
   121   101    94   119    94   106   143   155    74   117   135   123   122   153   151   147
   121   115   135   116   141   121   132   137   129   121   128   124   117   104   118   123
   121   117   112   111   116   115   111   108   100   112   111   105    93    99   105    99
   121   127   132   105   114   112   101    98    96   113   130   114     2     2     2     0
   121   129    95    49   111    91    87    50    89    92    99    48   120    92    67    52
   121   138   117    85   119   120   107    85    99   114   128    95   117   110   122    93
   122   117   106   103   135   130   104    93   125   135   110   103   138   132   115   101
   122   131   115    93    90    98    94    88    97    92    98   100    99    98   100    95
   123   108    87    70   102   103    84    60    91   100    82    73    47    29    71    87
   123   123   127   126   130   124   126   117   119   120   119   119   117   130   129   129
   123   129   126   127   130   124   126   128   128   119   119   112   111   111   122   127
   123   170   155    67   155   192   114    83   131   161   114    63    97   147    90    93
   124   103   128   131   115   115   136   130   112   139   148   131   114   109   160   148
   124   104   111   128    83    63    77   102    96    54    80    74   117    63    68    76
   124   122   121   121   128   128   128   123   136   138   136   135   149   150   150   150
   124   124   125   131   100   118   122   122    33    46    68    88    18    19    20    34
   124   128   132   127   131   125   123   130   135   131   132   132   134   131   127   128
   124   130   117   110    78    73    76    69    89    82    91   103    86    90    95    93
   124   153   148   169   149   120   162   152   169   152   182   184   189   170   175   166
   125   110   106    74    96   105    98    86    63   107    76    86    82   115    92   131
   125   112    85    75   114    84    82    81   101   120    38    54    89    77    61    46
   125   124   112   107   131   131   113   109   116   128   119   102   108   104   103    94
   125   130   192   158   115   122   208   146   107   148   227   181   123   151   207   143
   125   140   152    86   118   146   131   119   104   127   133   139    68    97   102    95
   125   156   140   144   110   155   119   121   127   137   101   115   161   105   118   116
   125   174   163   151   109   156   174   151    83   101   124   140    68    94   134   103
   126    75    69    85    70    85   110    84    74    93   132    68    72    70    74    64
   126    81   123   121   127   113   115    89   110   116   106   102    81   112    82    90
   126   117   126   140   121   130   138   131   132   125   135   129   135   125   119   123
   126   126   125   124   130   130   128   128   138   139   137   137   149   148   149   149
   126   128   120   117   121   117   111   111   111   105   105   109   114   120   112   107
   126   128   128   128   131   129   129   131   139   139   138   139   146   149   147   148
   126   174   183   182   145   181   184   186   144   182   185   186   154   186   184   186
   127   115   107   102   117   106    95    97   120   119   101    96   108   108   107   106
   127   119   126   126   116   127   129   139   111   129   132   148   115   121   131   136
   127   129   136   144   132   129   130   121   124   125   118   113   124   123   112   122
   127   130   133   117   141   158   167   157   127   149   173   162   107    99    91    96
   128   105   140   153   153    95   128   152   122   113   107   101   107   101   107    73
   128   110    88    83   123   134   108    44    70    98    93    77    68    98   110   116
   128   111   120   139   111   123   130   147   140   155   141   144   131   154   136    98
   128   112   112   135   130   129   119   144   156   144   144   145   152   137   136   127
   128   132   120   105   153   145   136   100    79    78    60    46     0     0     0     0
   128   132   127    98   129   130   115    97    85    74    89   113    44    68   102   118
   128   132   128   137   132   146   139   119   120   119   118    90   140   111   120   114
   128   159   123   126   115   131   158   162   132   173   147   145   113   102   139   126
   129    58    65    28   110    85    58    27   104    90    64    25    98    91    74    38
   129    72    25    38   124    94    48    33    61    61    31    79    67   106    90    71
   129   116   110    98   167   190   181   185   235   233   239   243   188   180   183   185
   129   119   120   148    92   137   113   124    84   109   159    85   148   148   153   109
   129   127   131   130    76    81    74    76    89    94   101    96   102   103    97    92
   129   131   121   123   131   135   141   147   139   138   135   139   166   169   172   158
   129   152   115   130   111   110    64    54    91    77   134   113   114    98   136   138
   130   102   121   137   102    88    65   133   127    71    84   114   124    97   126   154
   130   103    97    98    99   101    80    89   114    97    95   117    97   124   111   130
   130   107   106    84   107   131   111    99   135   156   100   104   104   100    96    94
   130   124    92    88   121   109    69    73    96   108    83    79    65    99    84    66
   130   131   131   129   159   144   130   121   147   132   124   117   116   132   141   136
   131    84    66    78   124    80    55    71   126   117    79    76   119   124    95    87
   131   105   101   118   141   120   105   136   129   129    95   134   132   135    98   139
   131   107    66    58   202   165   127    75   192   154   143    68   138   146   127    62
   131   123   109   108   121   115   113    99   110   121   124   131    16    13     9     7
   131   134   141   136   132   132   130   112   125   119   118   119   130   121   115   138
   131   164   169   159    61    74    65    68    63    66    58    54    77    53    44    46
   132   124   107   133   105   105    89   109    98   102    93   100   106   107    94    97
   132   130   108    90   129   126   107    96   127   122   110   100   124   122   110    93
   132   135   137   121   108   100   106   106   143   134   107   116   134   117   114   109
   133    90   107    92   111   138    86   110   158   178   128   126   134   167   112    98
   133   117   135   136   113   113   131    91   121   124   137    81   100   113   132    83
   133   123   122   119   126   123   140   110   106   128   123    96   131   124    95    96
   133   129   111   116   141   137   130   127   117   121   107   113   114   116   112   141
   133   129   148   140   149   144   156   147   145   145   140   146   161   143   141   164
   133   141   147   140   119   130   140   143   122   134   144   142   127   136   139   129
   133   144   154   142   121   130   142   154   148   153   159   171   150   157   150   163
   134   107    97   124   104   103   126   124   121   118   120   130   125   131   134   138
   134   127    90   138   134    81    80   105    77    65    72    69    95    62    60    89
   134   131   185   208   116   164   160   191   112   157   173   180   128   145   148   149
   134   135   136   145   145   140   144   149   150   151   154   143   146   152   145   139
   134   179   189   191   149   188   191   199   183   197   210   212   236   232   228   226
   135    89   150   105   156   146   134   106   165   146   137   121   153   106   124   131
   135   119    94   118   132   119    91   106   120   109    91   109   124   116    92   115
   135   134   132   133   133    98   107   105   136   133   132    83   125   129   105    92
   136   113   127   137   155   158   145   138   155   170   152   149   154   157   145   126
   136   130   130   130   234   235   235   236   235   234   233   234   234   234   234   234
   136   132    67   115   140   126    85   108   141   100   119    73   149   127   135    76
   136   140   139   128   130   136   141   136   121   150   146   137   135   140   135   127
   136   165   165   136   141   166   166   139   145   165   166   142   142   165   166   146
   137   119   115   125   132    70    69   103    55   133    70    88    51   115    83    66
   137   132   120   106   152   145   120   128   150   138   121   132   147   121   131   136
   137   138   132   132   145   145   144   152   143   151   148   148   126   138   150   153
   137   138   138   137   137   132   136   137   134   132   134   137   134   135   135   141
   137   144   143   138   142   148   146   144   137   133   130   117   103   102   110   130
   138    70    99    84    77    70    90    88   103   117   117   103    77    96   112    93
   138   135   142   147   158   163   167   168   157   167   171   163   152   155   161   168
   138   136   141   141   148   144   143   141   129   128   135   118    81   105    86    85
   138   138   134   134   138   145   149   154   150   158   162   160   144   157   160   168
   138   140   138   130   110   110   108   104   109   107   106   112    92    90   101   100
   138   150   133   131   112   129   132   127   135   104   127   168   149   147   123   167
   139   140   142   141   156   157   153   136   154   160   159   148   149   149   153   146
   139   140   158   180   149   146   168   163   144   119   135   150   145   115   144   132
   139   143   152   154   153   146   183   176   179   163   169   162   146   177   178   183
   140    64    60    56   123    56    65    72   140    58    72    66   143    56    60    76
   140   122    98    98   138   145   115   106   122   126   111   117   129   108    95   109
   140   137   138   132   144   143   135   126   150   147   142   135   154   148   141   132
   140   139   118   128   133   127   123   118   133   109   115   126   121   107   123   130
   140   142   137   135   143   143   127   137   133   132   138   141   131   136   142   144
   140   143   148   143   146   152   149   150   156   162   165   163   158   163   162   162
   140   153   157   143   158   153   153   158   157   158   161   158   153   156   148   150
   140   163   174   164   158   181   196   127   158   158   163   169   159   141   138   138
   140   171   186   191   154   195   159   181   118   162   144   127   141   115    87   132
   140   173   164   176   137   145   181   173   178   172   184   199   164   177   186   192
   141   121   136   134   133   130   156   155   153   167   175   174   197   194   192   190
   141   133   124   128   150   142   149   146   155   146   153   153   146   155   163   161
   141   134   118    98   159   133   118   106   129   117   120   100   104   100   116   149
   141   139   133   124   131   127   129   124    99    97   114   122    85    86    97    94
   141   143   140   143   145   148   149   144    79   103   114   119    56    63    73    75
   141   146   148   160   121   134   146   159   134   137   145   152   138   140   146   144
   141   147   150   141   129   146   146   146   164   160   161   167   194   196   195   192
   141   148   140   140   134   139   132   135   126   144   144   147   117   137   138   133
   142    88   157   112    98    93   103   128    85    85   119   141   105   100    95   149
   142    96   113   113   202   151   145   151   221   225   226   227   187   194   195   194
   142   126   114   106   172   130   127   152   171   132   115   126   161   118   147   119
   142   150   147   138   118   119   120   107    91    87    91    88    90    96    93    98
   142   151   124   109   153   158   151   109   173   171   162   141   153   173   136   137
   143   101   136   124   145    91   104   131   129    88    97   131   143    94    92   130
   143   101   153    96   120    91   110    78   109    90    79    82    73    65    90    90
   143   104   133   158    93    86   123   160    79    79    80   114    77    82    76    99
   143   139   137   135   130   134   124   127   135   125   133   133   135   127   133   132
   143   139   142   133   164   165   167   170   163   163   162   162   165   163   163   162
   143   144   117   129   139   135   112   125   129   117   106   118   141   106   102   105
   143   145   154   161   130   139   136   141   121   121   123   118   138   137   127   134
   143   149   152   154   145   144   151   130   136   151   139   113   156   151   129   112
   143   160   168   124   148   156   169   113   148   142   145   111   139   137   119   100
   143   165   159   179   158   170   177   172   145   167   164   191   177   185   194   208
   144    91   166   165   175   190   155   133   165   203   112    91   195   191   135   135
   144   113   135   120   117   153   120   117   121   167   131   131   150   152   140   145
   144   132   131   124   187   163   159   142   146   140   122   114   161   136   141   106
   144   134   118   124   148   123   126   142   143   130   131   146   142   127   130   140
   144   150   156   159   144   151   146   157   152   145   144   146   133   131   128   134
   144   157   120   129   107   142   133   184    90   168   156   175   154   168   186   181
   145   130    99   100    82    86    94    60   113   119    77    49    81    87    53    34
   145   136   145   137   141   129   133   124   123   125   130   128   124   118   130   129
   145   142   126   129   114   122   143   153   130   145   151   153   133   147   149   156
   145   150   161   165   133   160   159   160   151   171   170   167   153   183   188   186
   146   140   138   145   139   132   143   146   125   126   122   134   120   118   112   121
   146   144   142   135   141   145   143   140   149   142   140   141   147   137   150   146
   146   154   166   175   174   154   176   178   157   161   186   191   148   169   194   163
   147   119    83   127   139   134   133   149   120   111   115   146   101    97   117   160
   147   163   156   160   153   163   167   158   126   151   155   162   133   140   159   166
   147   178   183   183   100   134   151   161    85    86   111   117    80    78    73    90
   148   151   155   161   162   161   159   163   153   160   163   165   149   147   153   152
   149   136   115   135   131   123   131   146   140   171   188   161   120   175   198   144
   149   145   137   135   150   145   151   150   135   143   142   141   129   127   125   126
   149   146   144   138   225   219   202   200   180   173   165   160   101   101   101   104
   149   147   110   108   122   155   200   203   184   161   198   199   194   199   197   216
   149   149   147   149   152   143   148   142   152   150   140   149   152   147   137   151
   149   172   166   153   173   155   185   192   202   162   192   197   178   173   169   204
   149   177   173   163    62    79    99    70    42    45    93    77    36    43    70    56
   150   132   182   129   179   158   165   155   191   168   158   164   182   163   161   189
   150   146   144   106   121   119   124   115   138   121   144   110   132   100    96   133
   151   141   138    95   139   131   123   102    83    70    77    70    82    86    95    97
   151   152   145   138   137   139   142   140   126   133   139   147   142   151   155   166
   151   157   155   143   132   141   142   155   113   115   119   136   120   120   126   149
   151   165   139   173    76    69    49    57    75    48    41    58    51    57    56    46
   151   171   164   179   121   122   137   127   112    86    84    98    79    96    73    98
   152   104   123    91   100   111   129    84    90    90   137   121    86    74   155    90
   152   122   150   169   164   149   175   190   128   152   140   138   135   139   126   140
   152   134   154   175   155   129   170   157   131   143   177   159   185   188   173   165
   152   138   140   130   169   156   163   153   167   167   170   172   154   156   155   163
   152   150   150   154   149   149   149   148   144   144   148   144   141   139   139   138
   152   153   151   147   174   175   168   170   175   181   176   168   181   183   181   175
   152   155   151   146   157   161   160   158   167   163   170   170   159   168   170   141
   152   170   177   183   155   180   184   180   169   180   173   179   193   158   166   172
   152   172   126   105   210   126   155   171   208   159   147   148   162   138   126   130
   152   180   166   136   150   169   167   110   135   131   137   100   114   128   138   109
   153    90   121   150   138   112   116   127   160   154   110   103   164   185   152   111
   153   145   163   170   153   157   169   165   147   171   166   136   166   174   171   138
   153   148   145   146   148   144   141   142   150   143   142   144   143   145   144   143
   153   151   151   162   142   132   114   149   119   167   185   167   165   177   161   147
   153   157   158   160   159   162   153   164   159   164   158   163   157   156   161   166
   153   161   157   159   158   159   161   165   161   162   163   164   158   161   162   165
   154   101    80   158   154   168   128   133   162   126   173   189   192   191   172   160
   154   115   112   172    95    85   133   159   184   158   135   172   152   142   167   137
   154   116   156   159   137   138   147   143    80    94   107   102    74    72    77    81
   154   156   169   163   159   156   165   162   151   165   174   162   140   159   170   168
   154   157   158   170   149   148   145   155   161   162   164   169   161   162   163   170
   154   165   159   154   164   167   157   148   165   161   158   148   163   156   153   154
   155   115   110    77   123    78    70    80    79    75    55    67    88    74    79    62
   155   190   187   186   185   185   185   138   186   184   132   165   186   141   163   186
   156   133   130   133   147   141   154   147   143   124   128   116   116   153   129   129
   156   152   147   144   176   179   185   190   196   195   171   168   172   180   119   131
   156   155   154   153   200   145   155   130   214   168   169   161   217   209   208   219
   156   159   154   149   139   147   148   144   146   145   146   141   146   148   140   132
   156   159   159   165   145   160   172   168   155   166   173   169   180   178   178   177
   156   161   170   156   199   196   191   187   241   227   230   222   249   207   200   200
   157   140   142   162   146   126   179   219   131   135   176   212   119   163   166   230
   157   157   147   150   155   156   158   158   153   155   154   158   133   139   143   136
   157   161   164   163   161   164   162   159   151   162   162   158   138   130   139   140
   157   166   148   116   177   142   115   116   188   168   167   172   213   214   218   219
   158   104    78    74   143   144   140   145   158   128   153   154   159   127   158   154
   158   138   138   132   145   154   162   150   175   172   165   156   183   177   170   166
   158   150   162   160   147   106   120   139   126    57    59    71   123    57    63    72
   158   179   170   151   137   176   180   184   200   180   173   178   170   196   187   190
   159   132   123   121   137   144   134   143   100   108   121   118    98    89   106   106
   159   166   169   140   166   167   168   134   164   160   159   142   158   161   165   152
   160   155   109    85   141   150   104   102   134   148   111   107   106   127   146   138
   160   166   163   165   139   153   159   166   183   205   216   207   179   196   204   206
   161   148   144   133   170   166   162   149   158   166   124    97   152   131   162   146
   161   183   187   195   139   166   178   178   195   168   139   171   191   186   173   182
   162   120   167   158   170   146   167   172   169   139   147   147   165   183   166   143
   162   141   132   120   145   139   114   112   161   162   113   122   154   154   119   103
   162   155   150   143   159   154   149   143   156   151   149   150   160   159   159   163
   162   160   150   140   150   142   137   132   140   137   136   142   136   141   145   139
   162   220   220   216   144   189   222   227   156   160   209   228   160   153   161   223
   163   156   176   178   143   174   182   186   158   182   185   190   171   181   185   180
   163   166   167   167   164   166   183   168   166   164   182   169   179   165   176   189
   164   148   154   165   113    92    95    83    88    84    86    84    81    89    71    89
   164   159   145   135   157   136   134   142   161   163   149   171   168   166   170   181
   164   160   159   163   142   154   137   148   123   136   149   159   117   123   131   136
   164   162   149   156   203   161   175   160   231   164   167   183   229   220   204   172
   164   164   142    99   156   151   147   101   152   148   150   110   158   149   140   108
   164   167   168   170   161   159   169   158   165   160   154   155   178   172   164   163
   164   178   160   152   107   139   157   164    91   131   102   123   106   129   156   119
   164   180   175   180   169   164   177   191   189   169   163   171   175   170   173   150
   165   131   161   169   155   124   219   180   169   141   226   196   170   137   220   200
   165   162   161   159   170   170   170   165    65    79    90   114    34    32    30    32
   165   167   147   120   166   158   130   136   163   140   138   147   152   129   123   112
   165   172   149   144   159   170   136   138   181   171   143   142   173   164   169   155
   165   173   181   197   184   166   184   193   190   184   184   193   181   202   197   190
   165   183   198   186   162   197   188   168   160   190   178   148   180   175   195   141
   165   222   245   244   166   117   102    86   166    92    61    76   169    87    65    68
   166   120   133   146   154   142    90   114   168   139   121   107   147   128   100   111
   166   165   158   155   171   169   164   165   167   165   163   163   202   200   195   197
   166   166   167   168   156   156   158   160   148   149   151   146   134   135   140   139
   166   170   165   170   162   162   161   140   169   181   166   161   153   164   166   162
   166   178   151   100   148   174   164   131   112   154   178   172   148   174   192   155
   167   152   130   116   163   154   136   125   156   157   144   142   153   160   149   150
   167   171   181   183   156   175   182   185   170   180   186   185   184   182   187   184
   168   163   160   157   161   162   162   153   168   175   174   150   175   178   172   152
   168   171   175   176   166   168   170   176   158   154   157   161   137   151   158   164
   169   141   146   135   126   174   161   167   155   165   148   177   191   187   161   187
   169   164   161   167   169   166   165   163   166   166   169   171   162   159   161   159
   169   168   168   163   170   166   170   167   169   169   167   162   174   171   165   167
   169   183   195   207   165   169   175   181   147   136   132   133   143   131   120   116
   170    81    70    58   158    93    79    81   172   102    75    83   177    94    60    65
   170   141   157   162   163   153   160   166   163   153   160   166   161   154   163   167
   170   165   164   177   168   175   174   178   171   175   182   178   158   170   177   167
   170   180   173   144   169   170   147   161   163   153   147   168   167   145   170   176
   171   166   161   162   174   174   170   169    42    46    51    48    50    47    47    45
   171   178   156   181   200   187   173   159   215   197   172   121   138   215   172   133
   171   198   185   184   194   184   147   163   184   166   195   152   198   148   153   190
   172   190   196   188   138   140   128   125   126   125   123   124   132   132   132   133
   172   196   187   195   232   235   233   233   245   246   244   243   243   242   243   243
   173   171   169   155   177   174   168   165   160   163   162   155   140   136   123   114
   173   174   180   184   186   184   188   185   191   194   194   179   190   190   193   171
   173   181   176   176   184   188   203   186   186   194   193   190   192   192   190   188
   174   186   147   171   180   180   158   156   154   121   139   156   169   161   161   135
   175   182   189   188   171   185   193   190   175   190   196   195   175   185   194   196
   175   195   176   176   188   190   192   163   192   192   145   108   172   141   106   101
   176   159   143   130   156   145   137   143   125   119   144   144   105   112   127   153
   176   162   163   154    94    77   117   115    85    86   102    91   107    89    90    80
   176   170   187   166   170   189   195   174   196   202   212   166   186   208   207   181
   176   186   189   211   156   169   182   201   149   162   168   176   135   147   153   155
   177   170   182   200   170   171   181   196   161   172   179   194   157   170   173   184
   177   182   154   167   179   177   151   168   170   173   153   151   158   147   131   162
   178   139   130   154   186   174   163   173   182   197   176   193   156   145   141   153
   179   118    79    84   182   182   146   141   181   181   111   152   181   138   108   136
   179   166   159   172   177   180   186   176   176   174   182   172   172   172   169   163
   179   195   202   202   222   218   223   230   158   155   151   151   160   158   156   152
   180   181   179   179   177   179   176   175   171   174   170   173   176   180   177   177
   180   187   167   132   183   202   197   194   177   193   175   198   181   187   194   186
   180   187   169   161   174   185   146   152   159   164   122   148   155   138   122   139
   181   170   194   176   171   171   164   167   174   130   176   146   167   175   167   176
   181   174   176   173   173   181   182   182   167   164   171   175   172   171   172   175
   181   181   178   182   173   174   171   171   177   179   178   177   173   174   167   172
   181   182   180   182    62    69    68    87    58    63    54    66    34    61    63    56
   181   187   191   195   196   197   194   189   242   242   240   238   249   250   247   247
   182   146   116   105   153   142   123   126   170   163   147   101   158   168   167   156
   183    91   150   160   167    91   116   137   176    97    97   147   151   132   134   168
   183   182   177    84    44    41    48    71    50    62    56    59    63    52    57    59
   184   151   163   188   188   171   180   195   185   164   173   197   182   167   176   197
   184   170   185   177   161   159   167   154   157   120   141   120   152   163   165   180
   184   180   180   146   188   176   174   149   188   177   156   127   178   172   159   127
   185   173   162   155   170   167   167   168   167   167   166   168   170   166   166   170
   186   153   182   182   186   166   172   175   182   166   165   172   182   182   178   161
   186   191   191   188   181   179   175   178   184   188   189   186   186   187   182   181
   187   168   162   161   174   167   152   138   168   162   149   168   162   150   147   148
   188   189   190   193   177   180   177   179   154   160   163   166   165   163   167   167
   188   192   162   177   197   187   142   183   202   184   171   182   191   172   161   190
   189   170   174   163   172   168   169   166   156   169   160   180   172   152   171   181
   189   175   182   179   184   173   186   184   185   175   189   190   171   136   143   144
   189   177   157   122   194   194   187   174   194   192   192   188   189   186   186   186
   189   195   194   187   193   195   198   196   190   192   195   197   190   194   196   195
   190   128   119   116   209   137   142   131   201   137   139   136   197   157   169   144
   190   160   119   142   187   123    96   152   144   110   140   143   134   142   163   157
   190   179   176   173   218   216   214   213   244   243   244   242   237   238   250   252
   190   187   164   149   170   192   191   188   173   181   195   178   193   194   178   175
   190   194   204   211   182   202   200   204   163   194   203   207   187   175   203   201
   190   197   203   211   217   218   215   218   207   206   204   203   220   221   220   222
   191   174   150   148   183   164   161   127   171   168   163   123   174   177   171   128
   191   186   186   188   194   194   194   194   189   193   191   189   192   194   194   190
   192   136   155   195   190   160   174   196   193   177   194   205   200   202   209   222
   192   187   193   201   189   193   196   204   207   211   213   215   196   194   194   197
   192   192   193   196   193   195   205   214   194   202   205   212   208   207   202   200
   192   193   136   159   219   192   161   174   202   220   225   183   188   204   218   196
   192   195   179   184   221   227   214   214   223   219   197   197   213   213   195   183
   193   149   136    92   118   132    99    80    62    92   103    79    67    73    87    59
   193   190   188   189   191   193   194   194   189   192   195   193   186   192   191   192
   193   205   165   115   212   209   178   129   208   188   195   155   193   156   184   146
   194   176   176   160   196   192   175   153   199   195   184   160   207   201   174   183
   194   192   199   184   224   201   197   192   214   211   211   204   221   228   228   228
   194   193   196   196   191   195   196   196   192   194   191   190   193   192   189   188
   195   184   170   165   199   194   182   167   199   195   191   183   199   193   191   188
   195   193   193   191   186   184   180   166   234   234   230   227   246   246   242   225
   195   196   198   198   197   196   199   198   192   192   192   190   186   186   184   184
   196   116   110   106   192   135   108   124   190   131   115   132   168   149   128   122
   196   180   204   171   180   181   167   169   193   207   149   156   173   165   148   148
   196   197   193   191   196   199   203   202   202   202   201   197   198   190   175   174
   197   197   199   201   193   192   195   199   190   189   190   193   179   179   183   190
   197   204   143    63   201   169   157   106   188   168   215   175   158   204   208   191
   197   210   217   221   190   200   204   205   202   198   196   192   121   108   109   106
   198   186   182   153   155   154   178   176   130   139   172   168   111   118   166   157
   199   185   194   194   191   176   202   181   180   186   205   209   194   193   200   192
   199   187   185   174   191   182   199   182   218   219   198   189   202   196   189   183
   200   198   198   200   215   214   215   213   177   164   174   181   177   173   166   187
   200   206   210   201   122   122   119   117   121   121   120   119   128   129   129   128
   200   222   230   228   200   226   232   229   183   216   228   229   186   223   229   224
   201   180   193   166   198   189   195   159   209   207   204   187   207   210   208   201
   201   193   185   194   205   199   194   198   202   204   205   202   162   162   158   135
   201   200   199   192   200   193   191   189   211   217   219   222   200   223   226   232
   201   204   142   141   163   165   130   107   117   106   108   106   132   114   114   135
   201   204   182   148   235   237   236   234   242   240   239   235   240   238   237   236
   202   175   188   183   209   192   185   197   206   192   189   194   197   194   193   198
   202   191   187   185   204   191   183   202   185   194   193   198   182   201   194   184
   203   171   148   154   158   158   174   160   150   172   159   153   144   127   138   131
   203   198   198   195   191   190   190   188   194   196   194   191   188   188   187   187
   203   213   206   194   207   209   198   193   209   200   196   190   204   200   204   192
   204   191   166   191   208   206   210   211   216   219   220   213   201   206   207   210
   204   192   179   189   175   141   177   165   150   182   141   117   168   152   139   121
   204   213   216   179   169   198   226   179   179   159   145   118   148   140   151    99
   204   215   222   227   191   200   212   212   158   167   192   183   148   181   163   164
   205   192   208   218   205   215   198   190   255   255   234   226   231   237   242   245
   205   204   204   203   209   211   210   211   218   216   217   217   223   220   222   222
   205   220   212   191   219   207   187   202   153   143   164   212    79    80    80    86
   206   213   208   207   177   187   179   168   189   197   188   173   207   208   192   180
   206   214   237   239   224   218   239   237   232   224   239   241    92   129   243   243
   208   114    97   138   200   112    93   133   184   124   125   113   177   136   131   108
   208   196   191   210   222   213   195   195   195   213   195   202   195   191   197   202
   208   199   191   192   195   196   186   188   180   203   184   181   181   165   177   172
   209   207   207   203   246   243   241   239   226   211   212   208   207   197   192   187
   211   223   219   213   127   159   168   159   152   127   156   189   229   217   146   144
   211   232   229   228   231   233   236   232   231   227   222   221   218   215   204   200
   212   210   202   205   193   209   218   211   212   227   227   227   231   233   223   222
   212   216   192   186   221   223   200   195   214   216   224   234   227   235   233   235
   213   192   149    53   204   177   158    97   176   142   118    90   148   134   133   111
   213   211   204   197   208   204   205   206   202   204   213   210   205   214   208   207
   213   213   213   211   218   218   216   211   219   221   221   217   222   223   223   225
   214   230   208   202   197   207   181   195   226   236   203   200   163   182   162   182
   215   179   213   230   229   169   204   217   229   172   187   181   223   184   161   140
   215   213   214   205   199   195   188   184   192   188   183   178   185   180   176   172
   215   229   228   223   225   232   233   225   230   229   228   217   222   224   224   212
   216   188   141   202   212   189   180   194   207   186   182   195   201   182   191   189
   216   213   213   216   217   217   215   215   215   216   216   215   216   216   214   215
   216   218   225   227   218   214   212   211   201   198   195   188   221   222   221   221
   217   224   228   226   220   228   230   228    76    78    85    92    61    64    67    69
   217   226   241   249   221   215   240   249   222   224   240   251   229   227   241   250
   220   193   148   176   226   196   167   170   229   168   175   197   228   152   156   171
   220   219   220   223   203   197   173   168   178   166    89    80   212   164    94    85
   221   219   217   209   216   210   203   196   180   190   168   152   185   208   176   149
   221   225   219   182   217   215   204   177   214   203   197   177   203   200   199   174
   221   232   228   225   219   209   208   218   231   222   210   189   106   105   109    90
   222   205   201   185   235   234   232   235   162   175   170   167   169   182   178   166
   222   218   202   225   222   220   222   233   221   215   231   237   192   206   237   239
   222   221   143   108   203   211   137   108   143   182   156   194   111   159   205   215
   222   222   219   214   217   214   208   202   210   206   200   193   200   195   193   187
   224   227   229   228   214   222   233   233   201   217   216   213   170   189   204   209
   224   228   222   220   235   239   230   219   237   243   226   196   233   239   209   197
   224   228   248   249   228   235   249   249   235   238   249   216   236   237   248   196
   225   138   171   146   230   132   117   125   229   123   102   102   231   156   130   145
   225   218   224   223   193   191   213   215   217   191   206   198   219   195   193   211
   226   202   217   224   223   185   215   230   210   175   218   232   203   183   212   233
   227   224   217   228   225   205   225   231   194   213   221   232   217   211   215   224
   227   225   223   224   227   227   228   225   224   227   230   229   224   222   225   228
   227   229   211   236   239   240   243   243   242   243   244   247   243   245   247   247
   228   227   225   215   227   231   227   216   229   231   220   219   215   219   221   208
   228   230   233   234   168   168   170   168    81    72    71    70    86    79    72    79
   230   231   227   193   233   231   228   226   229   228   226   224   208   205   213   211
   231   221   207   194   237   231   218   202   234   230   221   206   241   235   227   213
   231   228   218   166   229   228   221   159   216   220   224   217   213   220   224   230
   231   235   233   231   214   218   218   223   197   172   192   220   165   160   179   213
   233   230   239   215   231   225   238   221   231   229   239   225   233   230   239   225
   234   228   238   121   233   229   237   114   232   229   238   113   232   231   241   109
   234   236   231   230   246   247   246   246   247   247   246   247   247   247   247   248
   235   234   229   204   236   229   230   215   227   230   228   215   230   228   222   214
   238   237   238   235   197   197   182   190   192   179   144   159   179   178   160   157
   239   223   241   246   243   208   193   255   240   214   162   207   242   220   133   164
   239   243   246   247   244   245   249   249   242   246   251   249   197   208   218   237
   241   183   135   190    83    87    95    87    73    82    84   100    78    69    75   119
   242   240   235   228   240   238   230   216   106    84    81    74    84    73    71    71
   242   241   241   241   224   230   237   238   232   226   191   129   244   245   235   125
   243   248   255   255   244   245   255   252   242   246   254   254   239   246   255   254
   244   235   224   231   242   238   216   233   243   234   221   235   243   237   224   231
   244   240   240   239   242   241   239   240   243   242   242   242   244   240   239   243
   244   244   243   243   247   247   247   247   249   251   252   248   164   173   182   178
   245   245   242   241   249   247   246   241   247   247   243   240   248   252   248   245
   246   247   177   158   241   241   242   243   231   231   232   235   233   235   236   235
   249   249   248   247   228   228   233   236   207   220   214   227   214   220   221   227
   251   220   113    93   251   217   101    88   214   185    92    85    93    91    81    77
   251   247   243   235   250   248   247   247   252   252   254   251   104   127   141   153
