1.1032	-0.9426	
0.9924	-1.0435	
1.0246	-1.0077	
1.1207	-1.0600	
1.1235	-0.8829	
1.0081	-1.0168	
1.1333	-1.3716	
1.0141	-0.7633	
1.1659	-0.8517	
1.0939	-0.8850	
1.0944	-0.8344	
1.0428	-1.1548	
1.1340	-0.9588	
1.0705	-1.2696	
1.1443	-0.8773	
1.0934	-1.0276	
1.0330	-1.1058	
1.0814	-0.9351	
1.1826	-1.1793	
1.0218	-1.0592	
1.0977	-1.0234	
1.1633	-0.8672	
1.1727	-1.3008	
1.0709	-1.1289	
1.0161	-1.0408	
1.0921	-0.9094	
1.1462	-1.1639	
1.0633	-0.7396	
1.1410	-0.8697	
1.1773	-1.2072	
1.0298	-1.0201	
1.1305	-1.0836	
1.1621	-0.9635	
1.1663	-0.9094	
1.2467	-0.8249	
1.1229	-0.7660	
1.0953	-0.9333	
1.0988	-0.7702	
1.0827	-1.4868	
1.0671	-1.0763	
1.1095	-1.3620	
1.1258	-0.8034	
1.0291	-0.9088	
0.9886	-1.1878	
1.2460	-1.3101	
1.0878	-1.0736	
0.8650	-1.1305	
1.1164	-1.1763	
1.0132	-1.1010	
1.1360	-1.1249	
0.9489	-1.1697	
1.1017	-0.8352	
0.9620	-1.0566	
1.1999	-1.1039	
1.0050	-0.8599	
1.0501	-0.5785	
1.0435	-1.2830	
1.0096	-1.2864	
1.0803	-0.9035	
0.9652	-0.9469	
1.1286	-0.8122	
0.9790	-1.0937	
1.0872	-0.6854	
0.9638	-1.1296	
1.0181	-1.1710	
1.0374	-1.2257	
1.0823	-0.8740	
1.1846	-1.1282	
1.1202	-1.0515	
1.0342	-0.8412	
1.1207	-1.1312	
1.1945	-1.2454	
1.0592	-1.0224	
1.1295	-1.0542	
1.0086	-0.9577	
0.9828	-0.9750	
1.1935	-1.0203	
1.2153	-0.8774	
1.0520	-1.1023	
1.2256	-0.6806	
1.1412	-1.0649	
1.2020	-1.4395	
0.9788	-0.9835	
1.1474	-1.0233	
1.1816	-1.0574	
1.0862	-0.6553	
0.9724	-1.1617	
0.9954	-1.0447	
1.0901	-1.0871	
1.0161	-1.0976	
1.1989	-1.2432	
1.0712	-1.2187	
1.0505	-0.8768	
1.0778	-0.6729	
1.1478	-1.1396	
1.0114	-0.6024	
1.2303	-1.2725	
1.2965	-1.1040	
1.0042	-1.2593	
1.0852	-1.0119	
1.1425	-0.8260	
0.9823	-0.9734	
1.0518	-1.1761	
1.1449	-1.2738	
1.0406	-0.8809	
1.0805	-1.4010	
1.0739	-0.9180	
1.1812	-0.8572	
1.1381	-0.8534	
0.9727	-0.6353	
0.8348	-1.0743	
1.1774	-0.7932	
1.1725	-1.1233	
1.0579	-0.8825	
1.0878	-1.0823	
0.8690	-0.8543	
1.0865	-0.8802	
1.1073	-1.0216	
1.0690	-1.1091	
1.0756	-1.0986	
1.0694	-1.1270	
1.0995	-1.0896	
1.1303	-0.9581	
1.0915	-1.0904	
1.2629	-1.2437	
1.1348	-1.1105	
1.0660	-0.8657	
1.0558	-0.9234	
0.9761	-1.2277	
0.9046	-0.6529	
1.2288	-0.9290	
1.1997	-1.0875	
1.1286	-1.0074	
1.1087	-0.9108	
1.1218	-1.1459	
1.2513	-0.9738	
1.0694	-1.3547	
1.2065	-1.0151	
1.1876	-0.9327	
1.0913	-0.8002	
0.9700	-1.1137	
1.2640	-0.9814	
1.1179	-1.0762	
0.9810	-1.2637	
1.0832	-0.9919	
1.1816	-1.3372	
1.0286	-1.1677	
1.1281	-0.9656	
1.0853	-1.0629	
1.0728	-0.8365	
0.8689	-0.1825	
0.8784	-0.0671	
0.8366	-0.3187	
0.9138	-0.5108	
1.0664	-0.2003	
1.0012	-0.0899	
0.9420	-0.4619	
0.9192	-0.1221	
0.8238	-0.4611	
0.9275	-0.0822	
0.9261	-0.3014	
1.1022	-0.0564	
0.9017	-0.3443	
1.0277	0.0358	
0.9343	-0.1904	
0.9229	-0.2600	
0.9800	-0.0786	
1.0027	-0.0477	
1.0834	-0.2822	
0.9215	-0.1981	
0.9567	-0.0206	
0.8823	0.0119	
1.0097	-0.1022	
0.9585	-0.2007	
0.8994	-0.0393	
0.8299	-0.0188	
0.9020	-0.2634	
1.0451	-0.3324	
0.8871	-0.3217	
0.8776	-0.4158	
0.9831	-0.0907	
0.9387	-0.2178	
0.8468	-0.0820	
0.8977	0.0883	
0.9673	-0.4150	
1.1106	-0.4317	
0.8990	-0.0019	
1.0423	-0.4979	
0.8804	0.0627	
0.9022	0.1901	
0.8163	-0.2908	
1.0544	-0.1736	
0.8662	0.0330	
0.9967	-0.0406	
0.9224	0.0175	
0.8449	-0.0814	
0.8194	-0.2789	
0.7895	-0.5119	
0.9338	-0.2459	
0.8508	-0.2201	
1.0184	-0.3362	
0.8730	-0.2678	
1.0310	-0.3771	
1.0286	-0.2105	
1.0042	-0.2080	
1.0387	-0.3395	
0.8619	-0.3798	
0.9167	-0.3418	
0.8860	-0.1181	
0.9148	-0.2755	
0.9882	-0.4613	
1.0273	-0.0992	
1.0273	-0.0835	
0.9142	-0.2924	
0.9832	-0.2901	
0.7895	-0.1416	
0.9624	-0.0646	
0.9711	-0.1860	
0.7889	-0.2841	
0.8750	-0.1179	
0.8855	-0.0838	
1.0527	-0.1089	
0.8773	-0.0316	
0.9154	-0.5077	
0.8923	-0.1821	
0.9586	-0.1943	
0.9551	-0.2555	
0.9415	-0.3742	
0.9259	-0.0474	
0.9571	-0.5235	
0.9059	-0.0400	
0.9409	-0.3281	
0.9517	-0.1288	
1.0239	0.3499	
1.0042	-0.2752	
1.0727	-0.1731	
0.9474	0.0061	
0.9043	0.1138	
0.9615	-0.0619	
0.8070	-0.2005	
0.9127	-0.1450	
0.8552	0.0446	
0.8409	-0.6542	
0.8516	-0.2956	
0.7787	-0.3958	
0.7605	0.0125	
0.9269	0.1370	
0.9179	-0.0545	
0.9961	-0.0797	
0.9620	-0.4636	
0.9002	-0.2463	
0.9621	-0.3076	
0.9878	-0.0385	
0.9085	-0.2090	
0.8637	-0.0036	
0.9751	-0.1638	
0.8957	-0.2822	
0.9119	-0.2733	
0.9846	-0.0697	
1.0205	0.1616	
1.0499	0.1625	
0.8848	-0.2952	
0.8757	-0.1342	
0.8110	0.1155	
1.0252	-0.2494	
0.9264	-0.3106	
0.9415	0.1878	
1.0240	0.0956	
0.8003	-0.1520	
0.9301	-0.2319	
0.7444	-0.3441	
0.7636	-0.1648	
0.8910	-0.0641	
0.8635	-0.2345	
1.0045	-0.1424	
1.0044	-0.0830	
0.8587	-0.1470	
0.8952	-0.2674	
0.9287	-0.2051	
0.9648	-0.0544	
0.9419	-0.1783	
0.8384	-0.1770	
0.8357	-0.7561	
0.9108	0.0546	
0.8455	-0.3266	
0.9277	-0.3302	
0.9579	-0.1716	
1.0544	-0.1140	
0.9926	0.0742	
0.9153	-0.0613	
0.9589	-0.2692	
1.0138	-0.1543	
0.9090	-0.1658	
0.7891	-0.4142	
0.9289	0.3227	
0.8787	-0.0672	
1.0053	0.0412	
0.9552	-0.4334	
0.8481	-0.3387	
0.8194	-0.0052	
1.3917	-0.6438	
1.4210	-0.7390	
1.4140	-0.0262	
1.5333	-0.6371	
1.5538	-0.8354	
1.4548	-0.6222	
1.5077	-0.7007	
1.5699	-0.5073	
1.3800	-0.6495	
1.4921	-0.5598	
1.3654	-0.7028	
1.5656	-0.5232	
1.5235	-0.7134	
1.5223	-0.6097	
1.6401	-0.3902	
1.5295	-0.6668	
1.3116	-0.6201	
1.4792	-0.7480	
1.4985	-0.4931	
1.5282	-0.2443	
1.3559	-0.5129	
1.4099	-0.5078	
1.4744	-0.5695	
1.4113	-0.6294	
1.6149	-0.7019	
1.4506	-0.7258	
1.5228	-0.1503	
1.3069	-0.6895	
1.3353	-0.3787	
1.4185	-0.9385	
1.4908	-0.5265	
1.5032	-0.3095	
1.3566	-0.5810	
1.5020	-0.5513	
1.6001	-0.6427	
1.4846	-0.2749	
1.4336	-0.5931	
1.4119	-0.3229	
1.5797	-0.7240	
1.3779	-0.8454	
1.5217	-0.5001	
1.5669	-0.4077	
1.5341	-0.5861	
1.4720	-0.2901	
1.4181	-0.1474	
1.4009	-0.9204	
1.4988	-0.8773	
1.3303	-0.6079	
1.5332	-0.3104	
1.4203	-0.5418	
1.5919	-0.6598	
1.4710	-0.3849	
1.4574	-0.4207	
1.5005	-0.5983	
1.5570	-0.5569	
1.4031	-0.4595	
1.3835	-0.4351	
1.3245	-0.2396	
1.2946	-0.3586	
1.3612	-0.2388	
1.4849	-0.6107	
1.3948	-0.4138	
1.3912	-0.5061	
1.4225	-0.3202	
1.4816	-0.6668	
1.5506	-0.6734	
1.3883	-0.2780	
1.5153	-0.7710	
1.4560	-0.7579	
1.5242	-0.5504	
1.4989	-0.6622	
1.3814	-0.4323	
1.4488	-0.4513	
1.3763	-0.2840	
1.3940	-0.5110	
1.5400	-0.9150	
1.4104	-0.6008	
1.3693	-0.8834	
1.5823	-0.9350	
1.6539	-0.5568	
1.3524	-0.7116	
1.5350	-0.9276	
1.5141	-0.7729	
1.4822	-0.8171	
1.5840	-0.7087	
1.4391	-0.5227	
1.4950	-0.5838	
1.4232	-0.2615	
1.4472	-0.7816	
1.5846	-0.1121	
1.4595	-0.5734	
1.3852	-0.5275	
1.5039	-0.2997	
1.6288	-0.7944	
1.5444	-0.2423	
1.5893	-0.4219	
1.4455	-0.7413	
1.5388	-0.5256	
1.3545	-0.4360	
1.3395	-0.5973	
1.5202	-0.5573	
1.5611	-0.3322	
1.6030	-0.8172	
1.4854	-0.6178	
1.3760	-0.3223	
1.5176	-0.8021	
1.3515	-0.5121	
1.4200	-0.5981	
1.2184	-0.3792	
1.4396	-0.7207	
1.5098	-0.6850	
1.4188	-0.9462	
1.3388	-0.5069	
1.3300	-0.5759	
1.4471	-0.3661	
1.5601	-0.2079	
1.5220	-0.5602	
1.5150	-0.4775	
1.5249	-0.6312	
1.5474	-0.4766	
1.3127	-0.6661	
1.4875	-0.3153	
1.3420	-0.9457	
1.5900	-0.4787	
1.5897	-0.3992	
1.4243	-0.4944	
1.4469	-0.5670	
1.3595	-0.3429	
1.5142	-0.8292	
1.3537	-0.7419	
1.4694	-0.4549	
1.4810	-0.4799	
1.4685	-0.5471	
1.4170	-0.7776	
1.4949	-0.5124	
1.5621	-0.6619	
1.4928	-0.3360	
1.5323	-0.6153	
1.5552	-0.6400	
1.4154	-0.6990	
1.4078	-0.3101	
1.5324	-0.7341	
1.4532	-0.6115	
1.4490	-0.6418	
1.6132	-0.8721	
1.5535	-0.3238	
1.5521	-0.7557	
1.5150	-0.2237	
1.5043	-0.4001	
1.5724	-0.4831	
1.4099	0.0256	
1.4428	0.3186	
1.3437	0.4020	
1.5446	0.2036	
1.3323	0.4695	
1.4566	0.5986	
1.3112	0.0472	
1.4198	-0.2180	
1.3652	0.2812	
1.4819	0.2488	
1.3907	0.3742	
1.5026	0.3989	
1.5281	-0.0232	
1.1717	0.2638	
1.2940	0.2722	
1.5726	0.2682	
1.3664	0.2377	
1.4003	0.1577	
1.4644	0.5670	
1.4516	0.0200	
1.5979	0.4232	
1.4463	-0.2291	
1.4792	0.4951	
1.4720	0.2256	
1.4974	0.4149	
1.5373	0.1535	
1.3495	0.3897	
1.4431	0.3308	
1.4955	0.1373	
1.4261	0.1654	
1.3502	-0.0666	
1.5338	-0.0488	
1.4109	0.3588	
1.4338	0.2380	
1.2590	0.1319	
1.4087	0.7072	
1.5146	0.3419	
1.5045	0.3827	
1.4187	-0.1595	
1.2963	0.2918	
1.5884	0.1228	
1.5147	0.1194	
1.5485	-0.0121	
1.4314	0.1024	
1.4043	0.4001	
1.4043	-0.0914	
1.3156	0.2924	
1.5591	0.5092	
1.3635	0.5339	
1.4970	0.0873	
1.3189	-0.0915	
1.4881	0.0482	
1.4441	0.3836	
1.4081	0.2671	
1.3414	0.1535	
1.4617	0.1865	
1.5456	0.3553	
1.4578	0.1067	
1.4671	-0.1379	
1.4496	0.1207	
1.3605	0.0104	
1.3440	0.2786	
1.5991	0.3893	
1.4775	0.2777	
1.4545	0.1753	
1.4810	0.4587	
1.2941	0.3581	
1.4582	-0.0272	
1.2968	-0.0269	
1.2582	0.1066	
1.2598	0.3882	
1.3749	0.3540	
1.3728	0.3850	
1.5936	0.5555	
1.7308	0.1134	
1.3224	0.2073	
1.5126	0.2795	
1.3418	0.4920	
1.5360	-0.0169	
1.4904	0.2884	
1.4269	0.1955	
1.4530	0.1693	
1.4935	0.2816	
1.3908	0.1436	
1.3146	0.3929	
1.3110	0.2260	
1.6114	0.2428	
1.4380	0.3118	
1.5555	0.1415	
1.3911	0.2295	
1.4267	0.0642	
1.4176	0.0862	
1.3819	0.1351	
1.3938	0.0168	
1.3778	0.5380	
1.4139	-0.0459	
1.5933	0.3187	
1.4910	0.2201	
1.4857	0.2180	
1.4903	-0.0925	
1.4582	0.3069	
1.3346	0.4541	
1.4457	0.1322	
1.3800	0.2210	
1.4758	-0.0707	
1.2464	0.1295	
1.3772	0.0409	
1.3911	0.2198	
1.5306	0.2875	
1.3787	0.4554	
1.5998	0.3367	
1.5160	0.2855	
1.2276	0.2749	
1.4834	0.3243	
1.4253	0.1673	
1.3444	0.4595	
1.3169	0.2969	
1.4597	0.4151	
1.4020	0.4147	
1.4670	0.3752	
1.2862	-0.0356	
1.3576	0.2567	
1.4480	0.0858	
1.4712	0.1037	
1.4559	-0.0006	
1.5616	0.4386	
1.4625	0.0514	
1.4469	0.0354	
1.4241	0.1649	
1.4213	-0.2106	
1.3876	0.3541	
1.3955	0.2299	
1.3512	0.4113	
1.4067	0.0659	
1.4171	0.3080	
1.5312	0.1458	
1.4303	0.1233	
1.4958	0.1202	
1.3288	0.3767	
1.5042	0.0986	
1.4867	0.4293	
1.4761	-0.1428	
1.4258	0.3297	
1.3871	0.2658	
1.3207	0.2153	
1.3053	0.1484	
1.3574	0.5497	
1.5944	0.3746	
1.3388	-0.1602	
1.4353	0.2696	
0.4948	-0.5934	
0.6079	-0.5511	
0.6800	-0.4633	
0.5845	-0.5675	
0.5111	-0.7655	
0.4196	-0.6917	
0.4700	-0.6105	
0.6087	-0.8371	
0.5803	-1.0366	
0.5156	-0.6298	
0.4938	-0.5896	
0.5369	-0.5607	
0.6147	-0.6349	
0.5759	-0.4470	
0.4972	-0.4611	
0.5983	-0.1290	
0.6296	-0.8019	
0.5086	-0.9542	
0.5432	-0.4565	
0.5971	-0.8384	
0.5511	-0.6780	
0.4866	-0.5282	
0.4651	-0.5099	
0.4067	-0.4434	
0.5509	-0.6047	
0.5705	-0.7714	
0.5506	-0.3596	
0.4760	-0.5895	
0.6178	-0.5641	
0.5707	-0.5697	
0.5019	-0.4198	
0.6595	-0.5469	
0.4010	-0.8048	
0.4870	-0.7105	
0.4206	-0.6877	
0.5326	-0.8634	
0.4511	-0.5385	
0.5830	-0.3714	
0.4839	-0.4189	
0.5200	-0.5780	
0.5224	-0.5559	
0.6289	-0.3698	
0.4295	-0.7778	
0.5443	-0.8269	
0.4558	-0.3371	
0.4761	-0.9710	
0.5208	-0.6221	
0.4736	-0.3778	
0.4712	-0.5862	
0.5852	-0.3617	
0.5429	-0.3507	
0.5363	-0.5266	
0.6271	-0.6243	
0.3883	-0.7680	
0.4290	-0.5841	
0.5322	-0.5831	
0.4129	-0.3027	
0.4983	-0.7844	
0.6014	-0.4145	
0.5780	-0.7575	
0.6116	-0.0683	
0.6568	-0.3113	
0.6104	-0.5394	
0.5435	-0.4683	
0.5702	-0.7437	
0.5314	-0.3682	
0.5619	-0.5533	
0.5487	-0.6126	
0.6099	-0.4024	
0.5381	-0.3716	
0.5672	-0.5047	
0.3948	-0.5605	
0.5509	-0.7950	
0.6464	-0.5968	
0.5753	-0.6207	
0.6107	-0.4774	
0.5041	-0.3428	
0.5677	-0.7271	
0.6207	-0.5061	
0.5925	-0.5017	
0.4603	-0.8822	
0.3975	-0.5180	
0.5584	-0.3984	
0.6197	-0.8534	
0.5250	-0.8572	
0.6185	-0.3165	
0.6023	-0.6242	
0.5257	-0.5740	
0.6165	-0.6698	
0.3733	-0.2870	
0.5678	-0.5703	
0.6105	-0.7308	
0.3492	-0.4770	
0.5062	-0.7291	
0.5964	-0.5166	
0.5632	-0.4642	
0.3903	-0.4885	
0.4987	-0.5102	
0.6513	-0.4646	
0.5918	-0.7765	
0.5635	-0.6047	
0.6205	-0.6995	
0.5190	-0.5674	
0.6607	-0.4799	
0.5041	-0.5248	
0.5823	-0.4842	
0.4759	-0.4483	
0.6632	-0.4945	
0.6121	-0.6494	
0.4850	-0.2833	
0.5934	-0.6160	
0.5330	-0.6046	
0.5934	-0.5124	
0.5452	-0.4976	
0.5618	-0.7891	
0.5866	-1.1485	
0.4807	-0.9628	
0.4344	-0.4740	
0.5111	-0.4041	
0.6412	-0.3207	
0.4429	-0.4812	
0.4988	-0.4496	
0.3820	-0.7364	
0.5339	-0.4744	
0.4747	-0.7929	
0.4742	-0.4167	
0.6073	-0.5620	
0.5875	-0.5217	
0.5906	-0.4831	
0.5715	-0.5727	
0.5808	-0.7950	
0.5842	-0.4821	
0.5112	-0.5234	
0.6369	-0.4398	
0.5337	-0.3767	
0.5952	-0.5434	
0.3251	-0.6679	
0.3689	-0.8741	
0.6743	-0.4796	
0.6520	-0.7574	
0.5964	-0.7129	
0.4508	-0.4399	
0.3880	-0.6869	
0.4685	-0.4483	
0.5133	-0.6642	
0.4701	-0.6245	
0.3938	-0.8459	
0.7378	-0.7257	
0.5972	-0.4769	
0.6841	-0.6989	
0.1417	-0.9195	
0.1574	-1.0380	
0.1975	-0.8203	
0.0729	-0.6450	
0.2176	-0.7193	
0.2188	-0.6666	
0.2001	-0.6672	
0.1185	-0.6033	
0.1260	-0.9430	
0.0819	-1.0328	
0.0611	-0.6745	
0.1439	-0.8966	
0.1138	-0.7267	
0.2245	-0.6658	
0.1917	-0.7887	
0.3242	-0.9223	
0.0256	-0.8508	
0.1220	-0.7479	
0.2066	-0.5129	
0.2124	-0.6822	
0.2130	-0.9162	
0.2536	-0.8334	
0.2019	-1.1097	
0.1411	-1.0128	
0.1016	-1.0639	
0.2428	-0.6175	
0.2754	-0.9235	
0.2454	-0.6901	
0.0338	-0.8309	
0.2136	-0.8606	
0.1906	-0.8461	
0.0626	-0.6858	
0.2412	-0.7176	
0.1865	-1.0043	
0.1938	-0.9492	
0.0676	-0.5594	
0.2831	-0.8781	
0.3856	-0.6575	
0.0728	-0.9840	
0.0992	-1.1242	
0.2071	-0.6179	
0.1838	-0.9402	
0.2368	-1.0431	
0.1730	-0.6675	
0.0254	-0.9195	
0.0912	-1.0346	
0.3671	-0.8194	
0.2641	-0.7588	
0.1099	-0.6833	
0.1971	-0.8603	
0.1767	-1.0158	
0.1052	-0.4334	
0.2031	-0.7641	
0.1152	-0.7732	
0.1055	-0.9136	
0.1703	-0.8051	
0.1696	-1.0358	
0.1535	-0.7625	
0.0494	-1.1275	
0.0438	-0.3557	
0.1381	-0.9089	
0.1484	-0.4219	
0.0890	-1.1015	
-0.0300	-0.6756	
0.0298	-0.6796	
0.1084	-0.6907	
0.1980	-0.7599	
0.0723	-0.9904	
0.2611	-0.6542	
0.0868	-0.9148	
0.2245	-0.4056	
0.1271	-0.9515	
0.2414	-0.7496	
0.0676	-0.9707	
-0.0304	-0.5864	
0.1826	-0.9626	
0.3605	-0.6344	
0.2407	-0.8987	
0.1519	-0.9072	
0.2908	-0.3891	
-0.0422	-0.7547	
0.1373	-0.6414	
0.0397	-0.6090	
0.2277	-0.4154	
0.1019	-1.1754	
0.1254	-0.4788	
0.2787	-0.7744	
0.1497	-0.2473	
0.2122	-1.0597	
0.0671	-0.6259	
0.1750	-0.7436	
0.1120	-0.7765	
-0.0633	-1.0527	
0.0766	-1.1468	
0.1439	-0.6263	
0.0245	-0.6644	
0.1529	-0.8463	
0.1457	-0.8651	
0.0878	-0.7035	
0.0607	-0.7921	
0.1675	-0.6928	
0.3166	-0.9007	
0.0781	-1.1268	
0.1212	-0.5407	
0.1436	-0.5884	
0.3275	-1.0198	
0.1484	-0.5695	
0.0594	-0.7355	
-0.0131	-0.3847	
0.1733	-0.9362	
0.2121	-1.0145	
0.0316	-1.0162	
0.2772	-0.7758	
0.1147	-1.1916	
0.0584	-0.7647	
0.1628	-0.8491	
0.1850	-0.9584	
0.2124	-1.0203	
0.2808	-0.7992	
0.2217	-0.9740	
0.0711	-0.7991	
0.0980	-0.8779	
0.0481	-0.7746	
0.1717	-0.7697	
0.0972	-0.8471	
0.3749	-0.6495	
0.0954	-0.8647	
0.1299	-1.0571	
0.2030	-0.6478	
0.1420	-0.8297	
0.2268	-0.8589	
0.0773	-0.9517	
0.1783	-0.9090	
0.1950	-0.6759	
0.1337	-0.8636	
0.0959	-0.5537	
0.0651	-0.6925	
0.2297	-0.7796	
0.1685	-0.7118	
0.1015	-0.4911	
0.1588	-1.1093	
0.1853	-0.6797	
0.1334	-0.8963	
0.1303	-0.7970	
0.2756	-0.5721	
0.0307	-0.8432	
0.0844	-1.0652	
0.1855	-0.8744	
0.1846	-1.0541	
0.1139	-0.6453	
0.0345	-0.1691	
0.1542	-0.0639	
0.0722	-0.1501	
-0.0369	-0.0671	
0.0969	-0.0316	
0.0148	0.2422	
-0.0581	0.0262	
0.0248	0.0458	
0.1304	0.1959	
-0.0488	-0.1091	
-0.1010	0.1858	
0.0651	0.2349	
-0.0096	0.1398	
0.1894	-0.1940	
0.0613	-0.2316	
-0.0402	-0.3341	
-0.1345	-0.0629	
0.1377	0.0986	
0.0009	-0.3710	
0.0166	0.1177	
0.0569	0.1749	
0.0289	0.1296	
0.1482	0.0088	
-0.1140	-0.0334	
0.0735	-0.1945	
0.1326	-0.1535	
0.1069	0.0037	
0.1193	-0.1014	
-0.0477	0.1121	
-0.0084	-0.0424	
0.1500	-0.0127	
0.1054	0.3094	
0.0702	-0.0228	
0.0457	0.2582	
-0.0175	-0.0587	
0.0618	-0.0654	
0.0337	-0.2319	
0.0325	-0.0775	
0.1766	-0.1074	
0.1546	0.2311	
0.0205	-0.3536	
0.1978	0.1094	
0.0398	-0.2378	
-0.0926	0.1383	
0.1674	0.1949	
-0.1200	-0.1108	
0.0419	0.2991	
0.1664	-0.3759	
0.0887	-0.3379	
0.1088	0.1402	
0.0118	0.0270	
0.1992	0.0091	
-0.0162	-0.1202	
0.1344	0.0438	
0.0241	-0.1093	
0.0645	-0.2890	
0.2316	0.0179	
0.0100	0.0911	
0.0555	-0.1061	
0.2254	-0.1033	
0.0140	-0.2346	
0.0463	-0.0702	
0.1389	0.0222	
0.0054	-0.2948	
-0.0333	-0.0305	
-0.0506	-0.3770	
0.1255	0.1010	
-0.0085	0.2295	
0.0959	-0.0057	
0.0392	0.0259	
0.0437	0.1130	
0.1092	-0.1635	
0.0839	-0.3721	
0.0618	-0.0387	
0.0140	0.0667	
-0.0803	-0.2820	
-0.0011	-0.0402	
-0.0082	-0.4223	
0.0022	-0.2120	
0.0788	0.1432	
-0.0304	-0.1742	
0.1806	0.0177	
0.0849	0.2076	
-0.0738	-0.0471	
0.0321	0.0100	
0.0252	-0.0963	
0.0558	-0.0363	
0.0734	0.1404	
0.0769	0.0247	
0.0812	0.3545	
0.1166	0.1701	
0.1082	-0.1183	
0.0452	0.4484	
-0.0312	-0.0953	
0.0988	0.1858	
-0.0251	-0.0555	
0.1599	0.3790	
0.0795	-0.0265	
-0.0757	0.1726	
0.0382	0.0478	
-0.0815	-0.0556	
-0.0266	-0.0245	
-0.1049	-0.0097	
-0.1193	-0.3421	
0.1731	-0.3501	
-0.0468	0.1595	
-0.2006	0.1255	
-0.0264	0.0635	
-0.0743	-0.1053	
0.0048	-0.0615	
0.0635	0.1639	
-0.0395	0.0437	
-0.0219	0.1135	
0.1325	-0.0955	
0.1565	-0.1166	
0.1346	-0.1369	
0.0508	0.1683	
0.0642	0.1194	
-0.1412	-0.0453	
-0.0254	0.1765	
0.0927	-0.2520	
0.0812	0.3694	
-0.0470	0.1761	
0.1191	-0.0506	
-0.1427	0.0157	
0.0329	-0.2365	
0.1688	0.0655	
-0.0303	-0.0049	
0.1100	-0.1338	
-0.0056	0.1514	
0.0888	0.1023	
-0.0092	0.0140	
0.1110	0.2919	
0.0490	0.1758	
-0.0062	0.3533	
-0.0404	0.1530	
0.0068	0.1014	
0.1515	0.2999	
-0.0163	-0.0064	
0.0903	0.0674	
0.0625	-0.0753	
0.1366	-0.3438	
0.0681	-0.5300	
0.0274	-0.1193	
0.1932	-0.3002	
-0.0261	-0.2712	
0.0557	-0.2400	
-0.0534	-0.4286	
0.1179	0.0759	
0.1771	-0.0871	
-0.2512	-0.5578	
-0.2774	-0.5896	
-0.3512	-0.8193	
-0.3362	-0.5164	
-0.2629	-0.4536	
-0.1907	-1.0094	
-0.1031	-0.2811	
-0.3405	-0.7976	
-0.3998	-0.6143	
-0.2884	-1.0847	
-0.2476	-0.5004	
-0.3163	-0.4624	
-0.1801	-0.4434	
-0.2604	-0.4479	
-0.3366	-0.8453	
-0.3797	-0.7718	
-0.3179	-0.4864	
-0.2508	-0.5560	
-0.3011	-0.3643	
-0.2532	-0.7298	
-0.1894	-0.9081	
-0.4380	-0.5044	
-0.2913	-0.9353	
-0.2620	-1.1762	
-0.2293	-0.7866	
-0.1355	-0.8531	
-0.2791	-0.4937	
-0.1859	-0.3957	
-0.2030	-0.5120	
0.0366	-0.8104	
-0.4022	-0.7745	
-0.2453	-0.6064	
-0.1864	-0.6353	
-0.0753	-0.5217	
-0.2512	-0.7394	
-0.2454	-0.4028	
-0.0946	-0.5619	
-0.2803	-0.5846	
-0.2488	-0.7638	
-0.1392	-0.6340	
-0.1709	-0.7104	
-0.2552	-0.6336	
-0.2818	-0.6058	
-0.3278	-0.3507	
-0.3981	-0.6400	
-0.1457	-0.6359	
-0.2018	-0.6943	
-0.1504	-0.4659	
-0.2239	-0.6695	
-0.2669	-1.0414	
-0.2686	-0.9176	
-0.2094	-0.5751	
-0.2173	-0.6038	
-0.2817	-0.9287	
-0.1855	-0.4667	
-0.1547	-0.8804	
-0.3559	-0.5565	
-0.3427	-0.9144	
-0.2689	-1.1621	
-0.2807	-0.4833	
-0.2089	-0.4263	
-0.3139	-0.6077	
-0.2575	-0.3671	
-0.1907	-0.5682	
-0.2726	-0.8194	
-0.2873	-0.4787	
-0.2021	-0.5692	
-0.2103	-0.4209	
-0.3551	-0.7050	
-0.2854	-0.7950	
-0.1830	-0.5891	
-0.2060	-0.7097	
-0.1861	-0.5278	
-0.2338	-0.7207	
-0.1823	-0.5023	
-0.1783	-0.6195	
-0.2462	-0.6311	
-0.3852	-1.2992	
-0.3310	-0.5798	
-0.1855	-0.5164	
-0.2428	-0.9419	
-0.2383	-0.8663	
-0.2477	-0.4466	
-0.4208	-0.7791	
-0.2482	-0.6119	
-0.3295	-0.4811	
-0.2191	-0.6887	
-0.2671	-0.4146	
-0.2203	-0.5598	
-0.3068	-0.6349	
-0.3172	-0.6378	
-0.2665	-0.8134	
-0.1396	-0.8271	
-0.1940	-0.6204	
-0.3670	-0.6442	
-0.2746	-0.7698	
-0.3110	-0.6606	
-0.2765	-0.8210	
-0.2906	-0.9308	
-0.2049	-0.7532	
-0.1895	-0.5026	
-0.2793	-0.8095	
-0.3676	-0.6928	
-0.1854	-0.3050	
-0.3116	-0.8167	
-0.2448	-0.8288	
-0.2825	-0.5452	
-0.1947	-0.3815	
-0.3209	-0.6679	
-0.2519	-0.8096	
-0.3351	-0.7456	
-0.3348	-0.6400	
-0.2349	-0.7826	
-0.2662	-0.7191	
-0.1049	-0.8691	
-0.1388	-0.9481	
-0.2463	-0.5516	
-0.3489	-0.5265	
-0.2615	-0.6605	
-0.1338	-0.6238	
-0.0722	-0.3563	
-0.3356	-0.8538	
-0.3922	-0.4679	
-0.2193	-0.7492	
-0.3098	-0.7050	
-0.1980	-0.8470	
-0.2468	-0.9593	
-0.3209	-0.7407	
-0.3176	-0.5629	
-0.2999	-0.6720	
-0.3233	-0.6133	
-0.3183	-0.6520	
-0.0393	-0.1768	
-0.3052	-0.7230	
-0.2760	-0.8948	
-0.2956	-0.7110	
-0.2111	-0.5082	
-0.0458	-0.5970	
-0.2952	-0.3872	
-0.2912	-0.6759	
-0.2026	-0.6807	
-0.3294	-0.7825	
-0.2221	-0.6447	
-0.2978	-0.6550	
-0.2277	-0.8411	
-0.3723	-0.9943	
-0.2760	-0.6771	
-0.2335	-0.6655	
-0.2170	-0.6997	
-0.2581	-0.9407	
-0.6666	-0.7584	
-0.5485	-0.7028	
-0.7841	-0.3665	
-0.6264	-0.7852	
-0.6897	-0.6340	
-0.6268	-0.8623	
-0.6296	-0.9392	
-0.5530	-0.7227	
-0.6204	-0.6967	
-0.6350	-0.5850	
-0.5905	-0.7428	
-0.7604	-0.7247	
-0.8612	-0.7067	
-0.6394	-0.6905	
-0.7750	-0.6766	
-0.7620	-0.8478	
-0.7068	-0.6852	
-0.6423	-0.8137	
-0.5298	-0.6947	
-0.7201	-0.5315	
-0.5575	-0.8185	
-0.6646	-0.6310	
-0.6800	-0.5334	
-0.6902	-0.6263	
-0.7503	-0.4451	
-0.7697	-0.6251	
-0.8045	-0.4932	
-0.7696	-0.8526	
-0.6832	-0.6370	
-0.6041	-0.8975	
-0.7670	-0.4581	
-0.6885	-0.8172	
-0.5827	-0.6038	
-0.7629	-0.6006	
-0.6611	-0.6177	
-0.6187	-0.7321	
-0.7089	-0.5729	
-0.8322	-0.6532	
-0.7222	-0.6356	
-0.6871	-1.0687	
-0.7632	-0.6459	
-0.6918	-0.8365	
-0.8174	-0.8184	
-0.7359	-0.6773	
-0.7947	-0.3366	
-0.8465	-0.6446	
-0.6755	-0.6414	
-0.6854	-0.5713	
-0.6753	-0.8378	
-0.6249	-0.9614	
-0.6378	-0.5044	
-0.6994	-0.6670	
-0.8154	-0.7861	
-0.7500	-0.3973	
-0.7395	-0.6745	
-0.6933	-0.6478	
-0.8216	-0.8496	
-0.7141	-0.7150	
-0.8239	-0.7190	
-0.7072	-0.5701	
-0.6815	-0.7762	
-0.6064	-1.0074	
-0.6397	-1.2718	
-0.6151	-0.7967	
-0.5301	-0.9573	
-0.6772	-0.7274	
-0.6659	-0.6281	
-0.7372	-0.7292	
-0.6679	-0.7528	
-0.6710	-0.9925	
-0.7810	-0.6828	
-0.8394	-0.5467	
-0.5528	-0.3292	
-0.8202	-0.5008	
-0.6934	-0.7390	
-0.6122	-0.7796	
-0.6275	-0.6372	
-0.5716	-1.0380	
-0.6600	-0.8192	
-0.6676	-0.5132	
-0.6272	-0.5373	
-0.6670	-0.5085	
-0.7187	-0.9393	
-0.7923	-0.6480	
-0.6419	-1.0267	
-0.5294	-0.5469	
-0.6956	-0.5013	
-0.6301	-1.0029	
-0.6152	-0.7411	
-0.7164	-0.4561	
-0.7018	-0.5351	
-0.6812	-1.0734	
-0.7562	-0.6675	
-0.5156	-0.6839	
-0.7978	-0.8493	
-0.7582	-0.6638	
-0.6630	-0.6877	
-0.6717	-0.3894	
-0.6809	-0.6256	
-0.6386	-0.6500	
-0.5887	-0.5093	
-0.6324	-0.7134	
-0.7508	-1.0201	
-0.5975	-0.7629	
-0.7189	-0.7268	
-0.6427	-0.9223	
-0.6031	-0.7220	
-0.6727	-0.7796	
-0.6088	-0.8604	
-0.7129	-0.6875	
-0.6991	-0.7904	
-0.8699	-0.5422	
-0.8592	-0.7086	
-0.5536	-0.3953	
-0.7630	-0.7165	
-0.5695	-0.5444	
-0.4634	-0.6197	
-0.7435	-0.9206	
-0.6008	-0.8702	
-0.7151	-0.6182	
-0.7706	-0.8546	
-0.8350	-0.8684	
-0.5693	-0.5833	
-0.6985	-0.7160	
-0.7530	-0.4888	
-0.6602	-0.4100	
-0.8089	-0.6299	
-0.6722	-0.7321	
-0.5819	-0.5908	
-0.7447	-0.3369	
-0.6076	-0.5474	
-0.6763	-0.9084	
-0.7153	-0.7880	
-0.4584	-0.4903	
-0.5610	-0.4757	
-0.7968	-0.6290	
-0.8269	-0.6404	
-0.5075	-0.4263	
-0.6214	-0.7451	
-0.6371	-0.3198	
-0.6020	-0.9044	
-0.6712	-0.7823	
-0.8597	-0.5676	
-0.6849	-0.5424	
-0.6789	-0.7849	
-0.5602	-0.5888	
-0.5802	-0.7302	
-0.7412	-0.9650	
-0.6280	-0.2955	
-0.7596	-0.8620	
1.2347	-1.7841	
1.4261	-2.0441	
1.3039	-1.5748	
1.3562	-1.4356	
1.1786	-2.0343	
1.2764	-1.7657	
1.2072	-1.9773	
1.4008	-2.0721	
0.9400	-2.1028	
1.1132	-2.1107	
1.1604	-1.8933	
1.2605	-1.3839	
1.3238	-1.7380	
1.3418	-2.2578	
1.3530	-2.3057	
1.1521	-2.0405	
1.2397	-2.4268	
1.3003	-1.8707	
1.0895	-1.8179	
1.2625	-2.0235	
1.2245	-1.9803	
0.9808	-2.0035	
1.0840	-2.0782	
1.1735	-1.9073	
1.2215	-1.9743	
1.2222	-1.8176	
1.2879	-1.8838	
1.2221	-1.8489	
1.3382	-1.8704	
1.1548	-2.0593	
1.2291	-1.8862	
1.1816	-1.6049	
1.2775	-1.9821	
1.2217	-2.0982	
1.1405	-1.9928	
1.2288	-1.9043	
1.2580	-1.9293	
1.1612	-2.0874	
1.3099	-1.7047	
1.2413	-1.8156	
1.2177	-2.1788	
1.1584	-2.1097	
1.3221	-2.3582	
1.1508	-1.7687	
1.2191	-1.9865	
1.0228	-1.8989	
1.2053	-1.7611	
1.2576	-1.7835	
1.2742	-1.7554	
1.2613	-1.8526	
1.1544	-1.9983	
1.2293	-2.0444	
1.3016	-2.0324	
1.2620	-2.1362	
1.2593	-2.4391	
1.2774	-2.0176	
1.1763	-1.8138	
1.1868	-1.9796	
1.2922	-2.3105	
1.1461	-1.9707	
1.2063	-1.8704	
1.2367	-1.6211	
1.2489	-2.2238	
1.2832	-1.8206	
1.2893	-1.8046	
1.1908	-1.9697	
1.1445	-1.9586	
1.2079	-2.0197	
1.2064	-1.7427	
1.3830	-2.4277	
1.3382	-1.8554	
0.9904	-2.0847	
1.3783	-2.3371	
1.2356	-1.9553	
1.2818	-1.9253	
1.2516	-1.8493	
1.2943	-1.9053	
1.2181	-1.9987	
1.3570	-2.0294	
1.2704	-2.1530	
1.1764	-2.0824	
1.3826	-2.1737	
1.2226	-1.8170	
1.3118	-1.8236	
1.2645	-2.2396	
1.1614	-1.9722	
1.3449	-1.9967	
1.2194	-1.6816	
1.2137	-1.9617	
1.3372	-1.5830	
1.2746	-1.9727	
1.2746	-1.5464	
1.1534	-2.0512	
1.2059	-2.0084	
1.1103	-1.7572	
1.2382	-1.9028	
1.2144	-2.1459	
1.2787	-2.0675	
1.2141	-1.8065	
1.1192	-1.7959	
1.3077	-2.1066	
0.9949	-1.8003	
1.2516	-1.8882	
1.1887	-2.0921	
1.2311	-2.0576	
1.3577	-1.9369	
1.3480	-2.0585	
1.1591	-1.9232	
1.2655	-1.6521	
1.1442	-2.1433	
1.1685	-1.9075	
1.2807	-1.8575	
1.2107	-2.0512	
1.1485	-1.7886	
1.1452	-1.6898	
1.2774	-1.7982	
1.2539	-2.0689	
1.1984	-2.0726	
1.1840	-2.0192	
1.1542	-1.5242	
1.3731	-2.0577	
1.3731	-2.0487	
1.1336	-1.8518	
1.1737	-2.3129	
1.3137	-2.0456	
1.2895	-1.8715	
1.0560	-1.7610	
1.1924	-2.1049	
1.2187	-2.0683	
1.2407	-1.7698	
1.4889	-2.1158	
1.3303	-1.8020	
1.1723	-1.9337	
1.2980	-2.1194	
1.2291	-1.8869	
1.2747	-2.1824	
1.3692	-1.8997	
1.0126	-2.2547	
1.3108	-2.1619	
1.0322	-1.7221	
1.1169	-2.1510	
1.1165	-2.0334	
1.1997	-1.9044	
1.1727	-2.0989	
1.2475	-2.2356	
1.2426	-2.0533	
1.1804	-1.7749	
1.2889	-1.9739	
1.2629	-2.2024	
1.2650	-2.0447	
1.2604	1.2092	
1.3064	1.1805	
1.3935	1.3264	
1.3032	1.4187	
1.4248	0.8001	
1.3296	0.7853	
1.2537	1.4654	
1.2627	1.2262	
1.4674	1.0157	
1.3809	1.4862	
1.3042	1.3755	
1.2011	1.1224	
1.2852	1.1171	
1.4136	1.0293	
1.3461	1.5505	
1.3372	1.4234	
1.2448	1.0302	
1.2363	1.3456	
1.3200	1.4073	
1.4681	0.9833	
1.4588	0.8753	
1.4553	0.9749	
1.3630	1.2616	
1.4099	1.0790	
1.4683	1.1860	
1.2479	1.3828	
1.2611	1.4632	
1.2036	0.9120	
1.3358	1.2003	
1.4562	1.3243	
1.2964	1.1207	
1.3688	1.4681	
1.2867	1.4603	
1.3955	1.2850	
1.4712	1.1348	
1.4112	1.4568	
1.4361	1.1834	
1.3645	1.1683	
1.2839	1.2489	
1.3419	1.2850	
1.2834	1.1051	
1.2890	1.2315	
1.3596	1.1246	
1.2310	1.0983	
1.4316	0.8488	
1.2740	1.4176	
1.2437	1.0328	
1.2224	1.0491	
1.2770	1.1356	
1.3165	1.2327	
1.3615	1.6254	
1.2813	1.1954	
1.2364	1.0990	
1.2732	1.1494	
1.3328	1.0475	
1.4279	1.3014	
1.2807	0.7497	
1.3674	0.9952	
1.4743	1.1840	
1.2520	1.3500	
1.2984	1.0986	
1.3066	1.0214	
1.1367	0.8198	
1.3101	1.4050	
1.2850	1.2095	
1.1701	1.0999	
1.3749	1.3858	
1.3705	1.2082	
1.2223	1.1427	
1.3564	1.3030	
1.3614	1.2938	
1.3407	0.9275	
1.3618	1.2143	
1.2673	1.1947	
1.2938	1.1161	
1.3513	1.0350	
1.3487	1.2528	
1.4659	1.2937	
1.3909	1.1575	
1.3434	0.9973	
1.3334	1.0457	
1.3373	0.9670	
1.4152	0.9824	
1.3809	1.0633	
1.2296	1.2389	
1.4129	1.2776	
1.3995	1.5367	
1.2885	1.0577	
1.3824	1.2459	
1.2724	0.9280	
1.2798	1.3234	
1.3614	1.1751	
1.1491	1.1734	
1.2773	1.4252	
1.2511	1.6129	
1.2349	1.3651	
1.4441	1.1286	
1.3103	1.5220	
1.4077	1.0046	
1.3850	1.1593	
1.3509	1.2869	
1.3966	1.1870	
1.4900	1.1350	
1.5077	1.3986	
1.2374	1.0547	
1.1845	1.1928	
1.4165	0.9628	
1.3299	1.5738	
1.3563	1.0471	
1.2254	1.1612	
1.3327	0.8101	
1.3098	1.3560	
1.4029	1.4468	
1.2779	1.5367	
1.3072	0.9137	
1.2357	0.9548	
1.4116	1.1631	
1.4295	0.9775	
1.3879	1.1706	
1.3785	1.6479	
1.4953	1.3047	
1.3212	1.2817	
1.3601	1.2353	
1.4080	0.9868	
1.5567	1.1943	
1.2113	1.3889	
1.4675	0.9344	
1.3228	1.4188	
1.2035	1.0901	
1.2106	1.4374	
1.3808	0.8686	
1.2915	1.0833	
1.2932	1.4159	
1.4778	0.9834	
1.3806	1.1646	
1.3773	1.2110	
1.3064	1.2462	
1.1458	1.3986	
1.3880	1.1254	
1.4360	1.2535	
1.2890	1.2741	
1.2386	1.2455	
1.3527	1.3738	
1.3315	1.1472	
1.2294	1.2310	
1.2103	1.2024	
1.3940	0.7824	
1.2342	1.1279	
1.4749	1.0161	
1.4261	0.9475	
0.0306	-1.8371	
-0.0939	-1.7918	
-0.0675	-1.7857	
0.1133	-2.1917	
0.0806	-1.4998	
0.1015	-1.7760	
-0.0859	-2.1101	
0.0827	-1.9316	
0.0375	-1.9363	
-0.0097	-1.7085	
-0.0039	-1.9331	
0.1358	-1.8887	
0.1509	-2.0370	
0.1009	-1.5869	
0.2064	-1.6224	
0.2558	-1.3970	
-0.0604	-1.7136	
0.0002	-1.9301	
-0.0119	-2.1328	
0.0702	-1.5287	
-0.0447	-1.6891	
-0.0252	-1.9854	
-0.0482	-1.7732	
0.0621	-1.8785	
0.0704	-1.6936	
0.1148	-1.4966	
0.0197	-1.6282	
0.0137	-1.7669	
-0.0104	-2.2335	
0.0382	-1.7349	
0.1887	-1.6638	
0.1005	-1.7408	
0.0122	-1.5164	
0.0299	-1.6838	
0.0531	-1.7540	
0.0164	-1.8951	
0.0628	-1.9171	
0.2278	-1.4844	
0.0329	-1.9488	
-0.0525	-1.9547	
-0.0192	-1.6453	
0.0810	-1.5364	
0.0711	-1.8025	
0.0692	-1.9487	
0.0116	-1.7366	
0.0722	-1.4348	
-0.0198	-1.9719	
0.0868	-1.5139	
0.0028	-1.6529	
-0.1174	-1.7528	
-0.0026	-1.9821	
0.0957	-1.5871	
0.1530	-1.5077	
0.0357	-2.0603	
0.0102	-1.9487	
-0.0468	-1.7156	
-0.1045	-1.7880	
0.1354	-1.6640	
0.2086	-1.9620	
0.0580	-2.1060	
0.1458	-1.8762	
-0.1879	-1.4044	
0.0443	-1.8699	
0.0549	-1.5412	
0.0379	-2.2818	
0.1202	-1.5813	
-0.1090	-1.5071	
-0.0206	-2.0124	
-0.0140	-1.7073	
-0.0874	-1.5770	
0.0424	-1.9504	
0.0658	-1.9270	
0.1426	-1.7199	
0.0095	-1.7136	
-0.1452	-1.8787	
-0.0013	-1.8633	
0.0559	-1.9045	
0.0706	-1.7402	
-0.0577	-1.9442	
0.0358	-1.9777	
-0.0252	-1.8229	
0.1846	-1.8134	
0.0216	-1.7393	
-0.0698	-1.5419	
0.0618	-1.7831	
-0.0503	-1.6056	
0.0445	-1.7493	
-0.0285	-1.9263	
-0.0018	-1.8352	
-0.1434	-2.0543	
0.0001	-1.7466	
0.1342	-1.9902	
-0.0381	-1.7205	
0.1128	-1.5432	
0.0963	-1.5282	
0.0510	-1.6009	
0.0419	-1.9087	
0.0055	-1.8506	
0.1002	-1.9334	
-0.0046	-1.6129	
0.1550	-1.9236	
0.0464	-1.7105	
0.1407	-1.8281	
0.0398	-1.6051	
-0.0024	-1.6351	
-0.0625	-1.7781	
-0.0281	-1.4810	
-0.1149	-1.9979	
-0.0729	-1.7990	
0.0424	-1.4700	
0.1113	-1.5765	
0.1283	-1.7487	
0.0885	-1.6270	
0.0210	-1.9850	
0.0100	-1.7691	
0.0782	-2.1269	
-0.0465	-1.8903	
0.0214	-1.8759	
-0.1048	-1.4296	
0.1360	-1.8037	
0.1730	-1.4963	
-0.1025	-1.7290	
-0.0059	-1.6316	
0.1052	-1.8095	
0.0191	-2.2058	
-0.0870	-1.7933	
-0.0914	-2.2780	
-0.0989	-1.6493	
-0.0507	-1.7734	
0.0800	-1.6499	
-0.0246	-1.5057	
0.0424	-1.9906	
0.0742	-1.9646	
0.0586	-1.7648	
-0.0023	-1.7136	
-0.0472	-1.8473	
-0.0187	-1.8992	
-0.0325	-1.5257	
0.0083	-1.5006	
0.0853	-1.6808	
0.0239	-1.5147	
0.1785	-1.7311	
-0.0203	-1.8929	
-0.1515	-2.2733	
-0.0228	-2.1333	
0.0034	-1.9690	
0.1176	-1.9679	
0.0240	-2.0274	
0.0397	-1.6389	
0.0347	-1.7816	
0.0449	1.4942	
0.1470	1.1484	
0.0554	1.1002	
-0.1102	1.1460	
0.1412	1.1951	
0.1380	0.7986	
0.0604	1.0499	
0.0516	1.0065	
0.0033	0.9950	
0.2279	0.9696	
0.0448	0.8988	
0.0457	1.0210	
0.0237	1.2616	
-0.1330	1.4139	
0.0655	1.0111	
0.1726	1.1797	
0.0557	1.4316	
0.0568	1.0882	
-0.0007	0.8997	
0.0814	0.7849	
-0.0849	0.9040	
0.0465	0.9181	
0.1175	1.2473	
0.2271	1.0115	
-0.0065	1.0980	
0.0152	0.8676	
0.0464	0.9004	
0.0725	1.1045	
-0.0459	0.9043	
-0.0570	1.2505	
0.0995	0.9783	
0.2213	1.0926	
0.0353	1.1538	
-0.0507	1.1285	
0.2702	1.1925	
-0.1038	0.9888	
-0.0223	1.2675	
0.0733	0.8002	
0.1132	0.6934	
0.1244	0.8840	
0.0586	1.1340	
0.1495	1.0620	
0.0502	1.2500	
0.1796	0.7743	
0.0629	0.9492	
-0.1668	1.3172	
-0.0051	1.0771	
-0.0416	0.9309	
0.0072	1.1038	
0.0057	1.2372	
0.0930	0.8187	
0.1655	1.0269	
0.1658	1.3292	
0.1490	1.1648	
-0.0046	1.3171	
0.0001	1.1021	
0.0168	0.9788	
0.2279	1.2221	
0.1055	0.9376	
0.0836	1.1421	
0.1225	1.1382	
0.2110	0.9758	
-0.1685	1.2773	
0.0097	1.0086	
-0.0833	0.9873	
0.1579	0.9222	
-0.1121	0.7972	
0.0784	1.3790	
0.0466	0.8437	
-0.1275	0.9845	
-0.0178	1.0552	
0.0451	1.0752	
0.1239	1.0486	
0.2765	0.9038	
-0.0043	1.5000	
0.1608	1.1392	
-0.0114	1.0658	
-0.0021	1.0394	
0.1468	1.1194	
0.0120	1.1288	
0.1718	1.1074	
0.0952	1.0981	
0.2018	1.1814	
-0.0252	1.0443	
-0.0482	1.1785	
0.0895	0.7460	
-0.0928	1.0833	
-0.0129	1.0764	
0.0488	1.1527	
0.2044	0.9681	
0.1181	1.4619	
0.0006	1.1055	
0.1359	0.7648	
-0.0152	1.1856	
-0.1041	0.9876	
0.0015	1.4200	
-0.0282	0.9163	
0.1526	0.7376	
0.1114	0.9048	
0.2551	1.0108	
0.0877	1.0256	
-0.0140	1.3488	
0.1220	0.7826	
0.0948	0.9390	
0.0830	1.3406	
0.1030	0.8489	
0.1771	0.9514	
-0.0659	0.7762	
0.0176	0.9002	
0.1328	0.8987	
0.0788	1.2113	
-0.0300	1.0008	
0.1800	1.1296	
0.0881	0.9657	
0.0574	0.9068	
-0.0367	1.2215	
0.0696	1.0048	
0.0567	0.9405	
0.0346	0.8580	
0.0082	0.9078	
-0.1196	1.3520	
-0.1392	0.9463	
0.0351	0.8759	
-0.1052	1.1152	
0.1439	0.7849	
0.0013	1.0357	
0.1107	1.1695	
-0.0212	0.9344	
0.0775	1.1540	
-0.0706	0.7802	
0.0811	1.3313	
-0.0169	1.2838	
0.0820	1.1190	
-0.0496	1.0874	
0.1776	1.1696	
-0.0190	0.9987	
0.0579	0.9162	
0.0642	1.2599	
0.0159	0.9384	
0.0362	1.2752	
0.1881	0.8223	
0.0449	0.9347	
0.2401	0.7836	
0.0318	0.9808	
0.1051	0.8343	
0.0954	1.1669	
-0.0125	1.1929	
0.0603	0.9280	
-0.0294	0.9574	
0.0934	1.0475	
-0.2603	1.3873	
-0.3239	0.9629	
-0.2797	1.3082	
-0.0377	1.4993	
-0.2951	1.3582	
-0.2621	1.3214	
-0.2734	1.4899	
-0.2401	1.5122	
-0.2799	1.5387	
-0.3857	1.4315	
-0.1784	1.4617	
-0.3673	0.9681	
-0.2284	1.3593	
-0.2609	1.2897	
-0.4144	1.0918	
-0.0999	1.0178	
-0.3264	1.6700	
-0.2964	1.5311	
-0.1775	1.3484	
-0.1898	1.3446	
-0.2773	1.4105	
-0.1266	1.4731	
-0.3133	1.3880	
-0.3655	1.2425	
-0.3362	1.2904	
-0.3703	1.0643	
-0.2190	1.3644	
-0.3544	1.1025	
-0.4050	1.3850	
-0.2433	1.0932	
-0.3025	1.2521	
-0.2218	1.2479	
-0.3444	1.8593	
-0.1988	1.1413	
-0.2446	1.2419	
-0.2753	1.2325	
-0.2819	1.4639	
-0.2136	1.3893	
-0.1640	1.3520	
-0.3097	1.2377	
-0.2190	1.3516	
-0.2415	1.2646	
-0.3957	1.4707	
-0.2910	1.5911	
-0.2221	1.3394	
-0.4560	1.0690	
-0.3090	1.3719	
-0.1602	1.1498	
-0.4450	1.1881	
-0.2834	1.1682	
-0.1933	1.4624	
-0.3921	1.1329	
-0.3651	1.2799	
-0.2829	1.3358	
-0.1094	1.0884	
-0.3943	1.6245	
-0.2181	1.2715	
-0.3856	1.6191	
-0.2486	1.4277	
-0.1768	1.2080	
-0.1730	1.1986	
-0.2433	1.0673	
-0.3340	1.2340	
-0.3082	1.1971	
-0.1850	1.4863	
-0.2700	1.5040	
-0.3956	1.3913	
-0.2367	0.9804	
-0.3345	1.3038	
-0.1655	1.3555	
-0.2246	1.1361	
-0.1903	1.2268	
-0.3240	1.3636	
-0.3615	0.9650	
-0.4961	1.3815	
-0.2313	1.2759	
-0.2753	1.3962	
-0.2769	1.2763	
-0.2387	1.4308	
-0.2371	1.3061	
-0.1178	1.4504	
-0.1596	1.2037	
-0.2668	1.7107	
-0.2696	1.3529	
-0.2045	1.2231	
-0.1390	1.5973	
-0.2615	1.5174	
-0.2278	1.2250	
-0.2092	1.3817	
-0.2898	1.2763	
-0.3608	0.8912	
-0.3049	1.7230	
-0.1302	1.1255	
-0.4079	1.0663	
-0.2573	1.4765	
-0.2592	1.3735	
-0.3033	1.4899	
-0.3443	1.5168	
-0.3086	1.5024	
-0.1642	1.5006	
-0.1636	1.6419	
-0.3900	1.4012	
-0.2169	1.3751	
-0.1399	1.2714	
-0.2469	1.1570	
-0.4669	1.6965	
-0.2279	1.1113	
-0.2416	1.3772	
-0.1427	1.0918	
-0.4132	1.2399	
-0.3042	1.1370	
-0.3029	1.2957	
-0.1751	1.0043	
-0.2936	1.3642	
-0.2052	1.3527	
-0.3421	1.6821	
-0.4471	1.2223	
-0.3304	1.8430	
-0.2967	1.1568	
-0.2390	1.4519	
-0.4051	1.1740	
-0.2427	1.1894	
-0.1242	1.2827	
-0.2695	1.2048	
-0.3756	1.1036	
-0.4379	1.6794	
-0.3114	0.9573	
-0.1984	1.5405	
-0.1738	1.6633	
-0.4632	1.3809	
-0.2848	1.2672	
-0.3973	1.0341	
-0.2474	1.8306	
-0.1402	1.1642	
-0.2711	1.2942	
-0.2181	1.1694	
-0.2102	1.1215	
-0.2062	1.3017	
-0.2049	1.3010	
-0.3626	0.9534	
-0.4087	1.2272	
-0.2973	1.1767	
-0.1940	1.1802	
-0.3216	1.4883	
-0.1194	1.5134	
-0.3634	1.0942	
-0.3085	1.2701	
-0.3174	1.2255	
-0.4026	1.1617	
-0.3450	1.3341	
-0.4601	0.5508	
-0.5747	0.9300	
-0.6350	0.8944	
-0.5347	0.6889	
-0.5280	1.0654	
-0.6154	0.7131	
-0.5697	1.1545	
-0.5576	0.9787	
-0.6220	0.6256	
-0.4946	0.5689	
-0.5885	0.4994	
-0.5511	0.9770	
-0.4788	0.8816	
-0.3794	0.5233	
-0.6032	0.7945	
-0.5971	0.9257	
-0.4044	0.9019	
-0.5971	0.8203	
-0.4746	0.5457	
-0.4246	0.6619	
-0.5888	0.5828	
-0.5086	0.7712	
-0.3428	0.7911	
-0.4810	0.8950	
-0.5149	0.7728	
-0.6125	0.8484	
-0.4239	0.9708	
-0.4439	0.6068	
-0.5155	0.6970	
-0.6684	0.7800	
-0.5114	0.8562	
-0.4578	0.6511	
-0.5267	0.7639	
-0.5472	1.1216	
-0.4534	0.6529	
-0.3934	0.6353	
-0.4132	1.0110	
-0.4375	1.0392	
-0.5302	0.5822	
-0.4553	0.5766	
-0.4344	1.2172	
-0.4844	0.4587	
-0.5327	0.5843	
-0.5242	1.0718	
-0.4333	0.8161	
-0.3810	0.6756	
-0.4263	0.7933	
-0.4686	1.1529	
-0.5716	0.6816	
-0.5622	0.8584	
-0.4581	0.5833	
-0.5401	0.6483	
-0.5013	0.4253	
-0.4444	0.7732	
-0.4486	0.7968	
-0.4444	0.8138	
-0.5308	0.3375	
-0.5131	1.0424	
-0.4378	0.7746	
-0.5604	0.7045	
-0.5438	0.8028	
-0.5227	0.8108	
-0.6155	0.7955	
-0.5639	1.0637	
-0.3178	0.7873	
-0.5498	1.1672	
-0.4777	0.4788	
-0.4685	0.9721	
-0.5203	1.0596	
-0.4913	0.7597	
-0.6267	0.7366	
-0.4055	0.9952	
-0.4567	0.8140	
-0.3941	0.9859	
-0.5838	1.0351	
-0.5401	1.1434	
-0.3831	0.8531	
-0.5756	0.8372	
-0.3753	1.0188	
-0.5103	0.6465	
-0.4742	0.7534	
-0.5325	0.8250	
-0.7000	0.8876	
-0.5144	0.9577	
-0.4348	0.5851	
-0.6319	0.7188	
-0.3570	0.9386	
-0.5340	1.2268	
-0.5690	0.7771	
-0.5992	0.6940	
-0.5443	0.6373	
-0.3898	0.9235	
-0.4153	0.6585	
-0.5709	0.9894	
-0.4674	0.8655	
-0.4584	0.8020	
-0.6579	0.5879	
-0.6070	0.7373	
-0.6234	1.0052	
-0.4256	0.5206	
-0.3670	0.9906	
-0.5314	0.6662	
-0.3551	0.8305	
-0.4549	0.9002	
-0.4233	0.7204	
-0.4980	0.8176	
-0.5780	0.8058	
-0.5616	0.8138	
-0.5881	0.7144	
-0.4703	1.1313	
-0.4738	1.1366	
-0.4660	0.6922	
-0.4312	0.9661	
-0.3983	0.9903	
-0.5013	1.2437	
-0.4301	0.7234	
-0.5744	0.6482	
-0.5363	1.0337	
-0.5563	0.6576	
-0.4153	0.7076	
-0.4141	0.5150	
-0.5167	0.6798	
-0.6000	0.9953	
-0.4872	0.7768	
-0.5474	0.4395	
-0.3829	0.9143	
-0.4382	0.9735	
-0.5619	0.6064	
-0.4332	0.6686	
-0.5622	0.4761	
-0.3839	0.9856	
-0.5988	0.7975	
-0.5028	0.8174	
-0.4405	0.5450	
-0.5530	0.3799	
-0.5434	0.9213	
-0.4831	1.2097	
-0.4498	0.6534	
-0.3935	0.4608	
-0.5851	0.7813	
-0.6018	1.0816	
-0.6885	0.9013	
-0.5357	0.7935	
-0.3561	0.7733	
-0.5801	0.8311	
-0.5373	0.7941	
-0.5342	1.0140	
-0.4910	0.8545	
-0.5922	0.6097	
-0.4647	0.4669	
-0.9301	1.6602	
-0.8791	1.4058	
-0.9343	0.9205	
-0.9115	1.6871	
-1.0044	1.5002	
-0.7785	1.0678	
-0.7377	1.3983	
-0.9093	1.7605	
-0.7584	1.3815	
-0.8655	1.5275	
-0.8324	1.4511	
-0.7969	1.2276	
-0.9618	1.4153	
-0.9451	1.4417	
-0.8538	1.5204	
-0.9009	1.2911	
-0.7161	1.1520	
-0.9144	1.2719	
-0.8426	1.4229	
-0.9448	1.3146	
-0.9876	1.2807	
-0.7784	1.3708	
-0.9303	1.4858	
-0.9563	1.5391	
-0.8245	1.1851	
-0.8672	1.1810	
-0.8908	1.6151	
-0.9423	1.1629	
-0.9349	1.0610	
-0.9423	1.5911	
-0.7095	1.1659	
-0.8042	1.3196	
-0.8436	1.3018	
-0.8264	1.3308	
-0.8969	1.3076	
-0.9783	1.4934	
-0.9003	1.4447	
-0.8969	1.0946	
-0.9389	1.4419	
-0.8064	1.0513	
-0.8490	1.3766	
-0.9525	1.2517	
-0.9657	1.0074	
-0.9224	1.1831	
-0.9258	1.3934	
-0.9008	1.1305	
-0.9987	1.4597	
-0.8089	1.2016	
-0.9146	0.9740	
-0.8772	1.3190	
-0.9011	1.7104	
-0.9497	1.3456	
-0.9635	1.5584	
-0.9410	1.3949	
-0.8124	1.8007	
-0.9368	1.5172	
-0.9284	1.3068	
-0.8950	1.5202	
-0.9050	0.8723	
-0.8992	1.3867	
-0.9828	1.1618	
-0.8727	1.2759	
-0.8694	1.4447	
-0.7513	1.5050	
-0.9395	1.1666	
-0.8615	1.4165	
-0.8657	1.3049	
-1.0689	1.5505	
-0.8875	0.8556	
-0.8926	1.2748	
-0.9082	1.1996	
-0.9105	1.3243	
-0.9287	1.3140	
-0.8265	1.4626	
-0.8549	1.1642	
-0.8681	1.5929	
-0.8075	1.5527	
-0.9294	1.2719	
-0.8872	1.4131	
-0.8425	1.3313	
-0.9429	1.3376	
-1.0225	1.5485	
-0.9453	1.2016	
-0.9160	1.6549	
-0.9282	0.8996	
-0.9362	1.4825	
-0.9489	1.6873	
-0.8452	1.3423	
-0.8594	1.5292	
-0.9474	1.5685	
-0.7494	1.4997	
-0.8658	1.5421	
-0.9492	1.1597	
-0.8731	1.4376	
-0.9273	1.4434	
-1.0836	1.2823	
-0.9442	1.5801	
-1.0231	1.3331	
-0.9781	1.5390	
-0.8707	1.4445	
-0.8789	1.5033	
-0.9737	1.6812	
-1.0017	1.2429	
-0.9137	1.3181	
-0.7845	1.5017	
-0.8909	1.1741	
-0.8568	1.1390	
-0.8434	1.6472	
-0.9826	1.1498	
-0.9292	1.5221	
-0.9577	1.2822	
-0.8580	1.3934	
-0.8919	1.0128	
-0.7758	1.2340	
-0.8259	1.6790	
-0.8896	1.3149	
-0.8468	1.7056	
-0.9968	1.1934	
-0.8317	1.0667	
-0.7444	1.1124	
-0.9513	1.2712	
-0.7685	1.3706	
-0.8599	1.3286	
-0.8624	1.1898	
-0.8989	1.3356	
-0.8728	1.3654	
-0.9312	1.4439	
-0.9792	0.9632	
-0.8377	1.1424	
-1.0513	1.1488	
-0.9060	1.5461	
-0.8916	1.3348	
-0.8352	1.7031	
-0.9731	1.3518	
-0.7946	1.5717	
-0.7850	1.4665	
-0.8481	1.2963	
-0.9457	1.2140	
-0.8950	1.5111	
-1.0130	1.5336	
-0.8573	1.4041	
-0.8553	1.3612	
-0.8168	1.1339	
-0.9473	1.3231	
-0.8754	1.3380	
-0.7947	1.4178	
-0.8892	1.5634	
-0.9102	1.5872	
-0.9414	1.5089	
-0.8751	1.6587	
-0.9368	0.3321	
-1.0413	0.1279	
-1.1006	0.4370	
-1.1011	0.4843	
-0.8636	0.7610	
-1.1112	0.3759	
-1.1264	0.6868	
-0.9390	0.1952	
-0.9074	0.5282	
-1.0809	0.3503	
-1.1048	0.7725	
-1.1080	0.4042	
-1.0751	0.5156	
-1.0168	0.2440	
-0.9539	0.4115	
-1.1693	0.0273	
-1.0962	0.4375	
-0.9060	0.4643	
-1.0420	0.5505	
-0.9282	0.2492	
-0.8670	0.3656	
-0.9743	0.9008	
-1.0428	0.1528	
-1.2378	0.3391	
-1.1032	0.7803	
-1.0714	0.3873	
-1.0154	0.1267	
-1.0317	0.7288	
-1.0588	0.2368	
-0.9750	0.4435	
-1.0032	0.5402	
-1.1803	0.1824	
-1.1020	0.6219	
-1.1418	0.4616	
-1.0155	0.6576	
-1.0271	0.7359	
-1.2003	0.4706	
-1.1166	0.2406	
-1.0184	0.3668	
-1.0151	0.9467	
-0.9869	0.6816	
-1.0717	0.4433	
-1.0945	0.4814	
-1.0253	0.8716	
-1.1659	0.2832	
-1.0547	0.7678	
-1.1943	0.3464	
-1.0693	0.7446	
-1.1208	0.2823	
-1.1531	0.4144	
-0.9018	0.5525	
-1.0486	0.2282	
-1.0950	0.5651	
-1.0151	0.0882	
-1.1184	0.1289	
-1.0995	0.4844	
-1.1116	0.7606	
-1.0222	0.2725	
-1.0655	0.5783	
-0.9671	0.6419	
-1.1050	0.3782	
-1.0250	0.9715	
-1.0374	0.5035	
-1.0523	0.3758	
-1.0788	0.0260	
-0.8947	0.4937	
-0.9765	0.7292	
-1.0479	0.2453	
-0.8397	0.3017	
-1.0356	0.6012	
-0.9876	0.3045	
-1.0947	0.4738	
-0.9904	0.3160	
-1.0949	0.8944	
-0.8485	0.7103	
-1.0873	0.3372	
-1.0539	0.4929	
-1.1656	0.5128	
-1.1023	0.3695	
-1.0966	0.6070	
-1.0834	0.2497	
-1.2213	0.4732	
-1.0747	0.5860	
-1.2116	0.6349	
-1.0175	0.6136	
-1.1987	0.5993	
-1.1187	0.6213	
-1.0572	0.6260	
-1.0138	0.5914	
-0.9440	0.3682	
-1.1793	0.5039	
-1.0088	0.3619	
-1.1303	0.7881	
-1.0824	0.4016	
-0.9718	0.5783	
-1.1114	0.4356	
-1.2253	0.4102	
-0.9577	0.6084	
-1.0227	0.5054	
-1.0755	0.2201	
-1.0418	0.5944	
-0.9715	0.6763	
-1.0636	0.6234	
-1.1523	0.3088	
-1.0309	0.6200	
-1.0353	0.4805	
-1.0765	0.6801	
-1.0369	0.7993	
-0.9987	0.4761	
-1.1933	0.4368	
-1.0084	0.5693	
-1.0482	0.3848	
-1.0266	0.8791	
-1.0558	0.4783	
-1.0727	0.4057	
-1.1225	0.5764	
-0.8911	0.4810	
-1.1754	0.6723	
-1.0642	0.7284	
-1.1120	0.7427	
-1.1674	0.1649	
-1.1256	0.8957	
-0.9745	0.7145	
-1.0358	0.6162	
-1.0884	0.4710	
-1.0169	0.4072	
-1.0659	0.5337	
-1.0640	0.6693	
-0.8938	0.5380	
-1.1016	0.2253	
-1.0762	0.6326	
-1.0141	0.4149	
-0.9808	0.6883	
-1.2379	0.5009	
-1.0575	0.6708	
-1.1477	0.5615	
-1.0395	0.5928	
-0.9613	0.2426	
-1.0286	0.5616	
-1.0426	0.4412	
-0.8992	0.2748	
-1.1109	0.5148	
-1.1762	0.4131	
-1.1137	0.6991	
-1.0862	0.5273	
-1.1097	0.8695	
-1.0520	0.4520	
-1.0149	0.5768	
-1.0765	0.0911	
-1.1902	0.5655	
-1.3535	-0.1155	
-1.5429	-0.1299	
-1.4186	0.1103	
-1.3252	-0.1205	
-1.5336	0.0821	
-1.3592	0.3019	
-1.4146	0.0531	
-1.4885	0.0334	
-1.4441	-0.0065	
-1.4301	0.1258	
-1.3565	0.0980	
-1.4016	-0.0662	
-1.4528	-0.2457	
-1.4098	-0.0282	
-1.3775	-0.0178	
-1.3203	-0.1986	
-1.6130	0.1195	
-1.3800	0.0869	
-1.4241	-0.1934	
-1.5400	-0.0903	
-1.4668	0.0742	
-1.4038	-0.0295	
-1.4262	-0.0300	
-1.3996	0.0301	
-1.5360	0.2042	
-1.2987	0.0826	
-1.3599	0.0464	
-1.3914	0.2490	
-1.4940	0.0554	
-1.5211	0.1350	
-1.3340	0.0395	
-1.4775	-0.0851	
-1.3822	-0.3894	
-1.4705	0.3062	
-1.3410	-0.0976	
-1.5061	0.3818	
-1.3684	-0.0777	
-1.4795	-0.3058	
-1.4494	0.3153	
-1.4088	0.0937	
-1.3623	-0.0321	
-1.2865	0.0904	
-1.3922	0.1504	
-1.4235	0.0553	
-1.3900	-0.2367	
-1.5412	-0.1514	
-1.3075	0.1927	
-1.5103	-0.0463	
-1.5738	0.1818	
-1.4395	0.3068	
-1.3237	0.0939	
-1.4169	-0.0817	
-1.4292	0.1061	
-1.3841	0.0303	
-1.4762	-0.0321	
-1.4962	0.0038	
-1.5814	-0.2869	
-1.4163	-0.2336	
-1.4106	0.0785	
-1.4823	0.2197	
-1.3021	-0.0411	
-1.5292	-0.0626	
-1.3683	-0.0632	
-1.3792	0.2311	
-1.4350	0.1348	
-1.4039	-0.1325	
-1.5371	-0.1796	
-1.5617	-0.2895	
-1.4132	0.0663	
-1.6467	0.0698	
-1.4995	0.0919	
-1.5475	0.2196	
-1.5485	-0.0099	
-1.5830	-0.0577	
-1.5059	-0.0352	
-1.3606	-0.0757	
-1.5356	0.1005	
-1.5533	0.2531	
-1.2889	-0.0538	
-1.4056	-0.3304	
-1.3743	-0.1394	
-1.4015	-0.0878	
-1.4250	0.0401	
-1.5521	-0.0740	
-1.3547	-0.0937	
-1.3700	-0.2961	
-1.5013	0.1660	
-1.4195	0.0869	
-1.4611	0.2490	
-1.4293	-0.1201	
-1.2337	-0.1460	
-1.4293	-0.0015	
-1.4977	0.0477	
-1.3134	0.1818	
-1.5087	0.0111	
-1.3801	0.0334	
-1.3225	-0.2513	
-1.4732	0.0993	
-1.4030	0.0048	
-1.5276	0.1496	
-1.4773	0.0222	
-1.4434	-0.0730	
-1.4268	0.2081	
-1.5926	-0.1133	
-1.3260	-0.2709	
-1.3361	-0.0334	
-1.2818	-0.1484	
-1.5475	-0.0043	
-1.3996	0.1303	
-1.4861	-0.0625	
-1.4121	-0.1605	
-1.3976	-0.1791	
-1.4432	-0.1111	
-1.4686	-0.0301	
-1.4797	0.1590	
-1.5937	0.0902	
-1.4924	-0.1560	
-1.6073	0.1792	
-1.5441	-0.1270	
-1.6379	0.1329	
-1.4516	-0.1956	
-1.3579	-0.0945	
-1.6095	0.0037	
-1.4187	0.1749	
-1.4371	0.0238	
-1.4847	0.2680	
-1.2624	-0.1044	
-1.3965	0.0584	
-1.4007	0.3887	
-1.3988	-0.1040	
-1.4221	0.0823	
-1.4946	0.1743	
-1.5277	0.2938	
-1.4191	0.0763	
-1.3823	0.3254	
-1.4598	0.2006	
-1.4278	0.3425	
-1.4823	-0.0245	
-1.4593	-0.1112	
-1.5015	-0.1341	
-1.4732	0.5918	
-1.3540	-0.2523	
-1.4720	-0.0953	
-1.3896	-0.2712	
-1.4720	0.1684	
-1.4294	0.1100	
-1.6417	0.0657	
-1.4038	-0.1226	
-1.4144	-0.0373	
-1.4619	-0.0352	
-1.8442	0.6990	
-1.7201	0.4443	
-1.7756	0.5434	
-1.7996	0.5356	
-1.7543	0.2560	
-1.7152	0.5280	
-1.7579	0.6451	
-1.7146	0.6424	
-1.7291	0.4068	
-1.6508	0.5212	
-1.8670	0.4536	
-1.7278	0.3463	
-1.6332	-0.0296	
-1.7957	0.3442	
-1.8588	0.6060	
-1.8081	0.6387	
-1.8313	0.3464	
-1.9367	0.4912	
-1.6594	0.3809	
-1.6538	0.5207	
-1.6935	0.6588	
-1.8352	0.6631	
-1.8436	0.3835	
-1.6382	0.2057	
-1.8837	0.4499	
-1.8384	0.4305	
-1.7645	0.5833	
-1.7514	0.1266	
-1.8739	0.4655	
-1.6933	0.3700	
-1.7868	0.3515	
-1.7499	0.2538	
-1.7665	0.4917	
-1.7640	0.9145	
-1.7486	0.6418	
-1.6103	0.0020	
-1.8163	0.4711	
-1.9084	0.4237	
-1.7451	0.2817	
-1.8700	0.4492	
-1.7857	0.3038	
-1.8317	0.9585	
-1.8820	0.5765	
-1.7523	0.7562	
-1.9039	0.4099	
-1.7840	0.4385	
-1.8723	0.5794	
-1.7191	0.5613	
-1.8769	0.8242	
-1.6158	0.4772	
-1.7220	0.2569	
-1.7793	0.7853	
-1.9194	0.6948	
-1.6530	0.4087	
-1.6982	0.3639	
-1.7295	0.5252	
-1.6350	0.4957	
-1.6598	0.5966	
-1.6978	0.4912	
-1.8008	0.3734	
-1.8030	0.7157	
-1.8271	0.3947	
-1.7836	0.7293	
-1.7504	0.8249	
-1.5992	0.4334	
-1.7082	0.3790	
-1.7208	0.4882	
-1.8932	0.4075	
-1.7052	0.5172	
-1.8364	0.5831	
-1.7628	0.7302	
-1.6509	0.6751	
-1.7750	0.5606	
-1.8115	0.4669	
-1.7887	0.2966	
-1.6900	0.6212	
-1.7261	0.4418	
-1.7065	0.5599	
-1.6943	0.5064	
-1.7119	0.4405	
-1.6446	0.5929	
-1.7486	0.5833	
-1.7885	0.7026	
-1.6790	0.4599	
-1.7532	0.5667	
-1.7871	0.6115	
-1.7067	0.3769	
-1.7943	0.3515	
-1.7816	0.4156	
-1.7204	0.6925	
-1.7347	0.7711	
-1.7750	0.6151	
-1.8398	0.6367	
-1.7552	0.3653	
-1.6637	0.3416	
-1.8222	0.4161	
-1.7935	0.6823	
-1.7839	0.4472	
-1.7985	0.4302	
-1.8010	0.3146	
-1.6782	0.5882	
-1.7277	0.5393	
-1.6543	0.4296	
-1.8896	0.4532	
-1.7645	0.6337	
-1.8654	0.6201	
-1.8310	0.3746	
-1.7062	0.4121	
-1.7391	0.2431	
-2.0376	0.4908	
-1.5949	0.5547	
-1.7058	0.3383	
-1.7941	0.4983	
-1.7656	0.4567	
-1.7572	0.5943	
-1.8063	0.8537	
-1.8149	0.6586	
-1.7355	0.2158	
-1.6795	0.5831	
-1.7146	0.4957	
-1.8847	0.6815	
-1.8028	0.5357	
-1.7775	0.7164	
-1.8041	0.4288	
-1.8308	0.2622	
-1.6773	0.8302	
-1.8108	0.6320	
-1.8884	0.7373	
-1.6805	0.5011	
-1.7625	0.5425	
-1.7193	0.4815	
-1.6958	0.2448	
-1.8060	0.6193	
-1.7949	0.8686	
-1.7451	0.2958	
-1.7284	0.5957	
-1.6561	0.9461	
-1.6901	0.5822	
-1.8476	0.5603	
-1.7425	0.4123	
-1.7710	0.8386	
-1.7464	0.8264	
-1.7927	0.5013	
-1.7639	0.5522	
-1.7667	0.3361	
-1.6494	0.5436	
-1.6522	0.4887	
-1.7843	0.5280	
-1.6018	0.4528	
-1.8306	0.3984	
-1.4479	1.3277	
-1.5387	0.9113	
-1.4981	1.3842	
-1.4536	1.3190	
-1.5416	1.7005	
-1.3260	1.5804	
-1.3448	1.1871	
-1.4466	0.9064	
-1.3784	1.3776	
-1.4862	1.3077	
-1.5775	1.2887	
-1.4417	1.4067	
-1.2931	1.2304	
-1.3317	1.4673	
-1.5445	1.2488	
-1.3162	1.2744	
-1.5804	1.1350	
-1.4634	1.2137	
-1.4086	0.9932	
-1.4688	1.1552	
-1.3421	1.7533	
-1.6555	1.6017	
-1.3999	1.3653	
-1.4080	0.8958	
-1.4091	1.2513	
-1.3782	1.4639	
-1.5457	1.3086	
-1.4245	1.0949	
-1.4953	1.5096	
-1.4646	1.0870	
-1.6528	1.2654	
-1.3424	1.1921	
-1.4088	1.3638	
-1.3405	1.2457	
-1.3943	1.0581	
-1.5368	1.0704	
-1.4567	1.2568	
-1.4272	1.2984	
-1.3718	1.0286	
-1.5476	1.1498	
-1.3413	1.1380	
-1.5134	1.2093	
-1.1943	1.2662	
-1.5528	1.3535	
-1.3493	1.1898	
-1.3123	1.1281	
-1.4412	0.8301	
-1.3875	1.2138	
-1.4512	1.0118	
-1.3636	1.3496	
-1.4229	1.4530	
-1.3757	1.4985	
-1.5409	1.2808	
-1.5001	1.4067	
-1.5520	1.2876	
-1.4321	0.7605	
-1.4209	1.3055	
-1.4434	1.3316	
-1.3921	0.9299	
-1.4165	0.6909	
-1.3118	1.0195	
-1.4087	1.5382	
-1.3930	0.9928	
-1.2756	1.4731	
-1.3154	1.1856	
-1.5254	1.0824	
-1.2941	1.5823	
-1.4298	1.6010	
-1.5329	1.6842	
-1.2420	1.2633	
-1.5638	1.3177	
-1.4505	1.0424	
-1.3276	1.4372	
-1.4072	0.9411	
-1.4152	1.3880	
-1.4761	1.0751	
-1.4953	1.3915	
-1.3688	1.1719	
-1.4211	1.4109	
-1.3992	1.2096	
-1.3232	1.0336	
-1.3659	1.1873	
-1.2878	1.4558	
-1.4665	1.1199	
-1.3814	1.8017	
-1.4135	1.5928	
-1.4642	1.2150	
-1.3697	1.2843	
-1.4376	1.3510	
-1.4055	1.1975	
-1.4894	1.4400	
-1.3390	1.1021	
-1.4665	1.1138	
-1.2782	1.5311	
-1.5879	1.4328	
-1.4141	1.6385	
-1.2846	1.4850	
-1.3378	1.3565	
-1.2865	1.1700	
-1.4608	1.3431	
-1.3283	0.9630	
-1.3546	1.2652	
-1.4402	1.3789	
-1.4433	1.3288	
-1.5639	1.0372	
-1.2453	1.3356	
-1.2701	1.2451	
-1.3502	1.0794	
-1.5389	1.5037	
-1.3003	1.4884	
-1.5505	1.4363	
-1.4652	1.3013	
-1.3800	1.1377	
-1.3229	1.4959	
-1.4363	1.3734	
-1.4834	1.4754	
-1.4012	0.9813	
-1.4781	1.6044	
-1.4731	1.3043	
-1.5581	1.3503	
-1.4241	1.4016	
-1.4374	1.6330	
-1.4902	1.2274	
-1.5226	1.3648	
-1.3974	1.2911	
-1.2921	1.4667	
-1.5080	1.1190	
-1.4724	1.4307	
-1.4197	1.4929	
-1.4284	1.4421	
-1.5615	0.9476	
-1.5981	1.4464	
-1.3605	1.3983	
-1.2557	1.6253	
-1.5168	1.2635	
-1.4511	1.4921	
-1.4318	1.5271	
-1.3638	1.3584	
-1.4628	1.3862	
-1.3605	1.3584	
-1.5182	1.6551	
-1.5036	1.5950	
-1.5173	1.1269	
-1.4363	1.0710	
-1.4829	1.1943	
-1.5342	1.3714	
-1.3956	1.1860	
-1.5300	1.0919	
-1.5271	1.1105	
-1.4625	1.3919	
